
0.00121593475341796875,-196.00,-4.00,-1389.00
0.00351500511169433594,-200.00, 4.00,-1391.00
0.00504994392395019531,-195.00, 0.00,-1391.00
0.00731301307678222656,-206.00,-1.00,-1403.00
0.00926995277404785156,-197.00, 1.00,-1395.00
0.01090788841247558594,-193.00,13.00,-1384.00
0.01240801811218261719,-193.00, 0.00,-1389.00
0.01407694816589355469,-200.00, 0.00,-1392.00
0.01583600044250488281,-196.00, 3.00,-1392.00
0.02411508560180664062,-187.00,-4.00,-1391.00
0.02566194534301757812,-200.00, 5.00,-1383.00
0.02703809738159179688,-200.00, 0.00,-1385.00
0.02842998504638671875,-200.00, 0.00,-1385.00
0.02983188629150390625,-204.00, 9.00,-1389.00
0.03276205062866210938,-204.00, 5.00,-1400.00
0.03425908088684082031,-200.00,-4.00,-1389.00
0.03572988510131835938,-189.00, 1.00,-1381.00
0.04634594917297363281,-189.00,-2.00,-1384.00
0.04778504371643066406,-202.00,-2.00,-1382.00
0.04916405677795410156,-196.00,-1.00,-1382.00
0.05053305625915527344,-187.00,-5.00,-1392.00
0.05200099945068359375,-187.00,251.00,-1389.00
0.05347299575805664062,-198.00, 1.00,-1389.00
0.05943799018859863281,-198.00,14.00,-1387.00
0.06416010856628417969,-185.00, 0.00,-1387.00
0.06569910049438476562,-194.00, 5.00,-1388.00
0.06708693504333496094,-194.00, 2.00,-1397.00
0.06844401359558105469,-194.00, 2.00,-1397.00
0.07112598419189453125,-193.00, 1.00,-1387.00
0.07271599769592285156,-191.00, 1.00,-1387.00
0.07469892501831054688,-206.00,10.00,-1389.00
0.08634400367736816406,-200.00,11.00,-1390.00
0.08791589736938476562,-195.00,11.00,-1385.00
0.09046196937561035156,-196.00, 5.00,-1385.00
0.09250593185424804688,-201.00, 1.00,-1388.00
0.09656310081481933594,-195.00,-1.00,-1390.00
0.11457204818725585938,-197.00, 0.00,-1396.00
0.11606001853942871094,-195.00,-2.00,-1383.00
0.11750793457031250000,-195.00,10.00,-1386.00
0.11897110939025878906,-198.00,10.00,-1386.00
0.12037110328674316406,-199.00, 8.00,-1383.00
0.12548303604125976562,-199.00,-3.00,-1390.00
0.12692093849182128906,-194.00,-3.00,-1390.00
0.12830209732055664062,-192.00, 8.00,-1386.00
0.12969803810119628906,-192.00, 8.00,-1388.00
0.14353895187377929688,-191.00,-3.00,-1392.00
0.14705610275268554688,-201.00,-243.00,-1399.00
0.14931797981262207031,-201.00, 6.00,-1392.00
0.15155291557312011719,-191.00, 0.00,-1398.00
0.16545510292053222656,-189.00, 8.00,-1387.00
0.16771602630615234375,-196.00, 0.00,-1392.00
0.16993308067321777344,-192.00, 0.00,-1381.00
0.17223501205444335938,-189.00, 6.00,-1389.00
0.17446398735046386719,-195.00, 3.00,-1390.00
0.18694305419921875000,-198.00,255.00,-1389.00
0.18909502029418945312,-197.00,-253.00,-1392.00
0.19155192375183105469,-194.00,252.00,-1389.00
0.19377398490905761719,-187.00,17.00,-1391.00
0.19602894783020019531,-195.00, 5.00,-1388.00
0.19824290275573730469,-192.00, 4.00,-1391.00
0.20683789253234863281,-196.00, 0.00,-1388.00
0.22541308403015136719,-198.00, 4.00,-1397.00
0.22773194313049316406,-189.00, 3.00,-1393.00
0.23362493515014648438,-195.00, 6.00,-1395.00
0.23609709739685058594,-196.00,-1.00,-1395.00
0.23878598213195800781,-206.00, 8.00,-1386.00
0.24598193168640136719,-188.00,254.00,-1386.00
0.24745488166809082031,-197.00, 9.00,-1389.00
0.24884009361267089844,-195.00,-3.00,-1389.00
0.25041699409484863281,-187.00,10.00,-1385.00
0.26599407196044921875,-187.00,-1.00,-1389.00
0.26741600036621093750,-199.00, 5.00,-1389.00
0.26887297630310058594,-199.00,-3.00,-1390.00
0.27033901214599609375,-195.00,-3.00,-1390.00
0.28616499900817871094,-197.00, 0.00,-1389.00
0.28760194778442382812,-195.00, 0.00,-1394.00
0.28899788856506347656,-189.00, 5.00,-1394.00
0.29039502143859863281,-199.00, 0.00,-1385.00
0.29184603691101074219,-199.00, 0.00,-1400.00
0.29330396652221679688,-198.00, 2.00,-1400.00
0.29478693008422851562,-207.00, 4.00,-1393.00
0.29624295234680175781,-207.00, 4.00,-1396.00
0.30636906623840332031,-199.00, 3.00,-1388.00
0.31636190414428710938,-197.00, 4.00,-1386.00
0.31820392608642578125,-195.00,-3.00,-1385.00
0.31960391998291015625,-200.00, 0.00,-1390.00
0.32099199295043945312,-200.00, 0.00,-1390.00
0.32247591018676757812,-190.00,-4.00,-1392.00
0.33615493774414062500,-194.00, 4.00,-1389.00
0.34618592262268066406,-196.00, 0.00,-1400.00
0.34763193130493164062,-196.00,-1.00,-1388.00
0.34902811050415039062,-196.00,-3.00,-1393.00
0.35049796104431152344,-193.00,-3.00,-1394.00
0.36615610122680664062,-198.00,-3.00,-1389.00
0.36756896972656250000,-193.00,-3.00,-1394.00
0.36894702911376953125,-190.00,-3.00,-1394.00
0.37032794952392578125,-196.00,-2.00,-1392.00
0.37177991867065429688,-196.00,254.00,-1387.00
0.37322592735290527344,-195.00, 3.00,-1387.00
0.37468409538269042969,-195.00, 0.00,-1395.00
0.37619304656982421875,-195.00, 6.00,-1392.00
0.38636708259582519531,-189.00,11.00,-1388.00
0.38786697387695312500,-196.00,-1.00,-1388.00
0.38930702209472656250,-200.00, 2.00,-1391.00
0.39075899124145507812,-200.00, 1.00,-1387.00
0.40079689025878906250,-193.00, 4.00,-1393.00
0.40228796005249023438,-197.00, 1.00,-1390.00
0.40631604194641113281,-192.00,-1.00,-1390.00
0.40774011611938476562,-192.00, 3.00,-1388.00
0.40910506248474121094,-194.00, 3.00,-1388.00
0.41052794456481933594,-189.00, 1.00,-1392.00
0.41224288940429687500,-189.00, 4.00,-1388.00
0.42571306228637695312,-192.00, 7.00,-1388.00
0.42713594436645507812,-194.00,11.00,-1384.00
0.42851710319519042969,-194.00,-245.00,-1395.00
0.42990803718566894531,-191.00,-1.00,-1395.00
0.43541502952575683594,-188.00,-2.00,-1380.00
0.43699693679809570312,-189.00, 6.00,-1392.00
0.43847799301147460938,-190.00,16.00,-1392.00
0.44881796836853027344,-191.00,-1.00,-1393.00
0.45023703575134277344,-202.00, 8.00,-1382.00
0.45162892341613769531,-202.00,-248.00,-1395.00
0.45301890373229980469,-201.00,-4.00,-1395.00
0.45447993278503417969,-198.00,-3.00,-1394.00
0.45601701736450195312,-198.00,-5.00,-1389.00
0.45747494697570800781,-193.00,-5.00,-1389.00
0.47651600837707519531,-196.00, 8.00,-1385.00
0.47795510292053222656,-197.00, 3.00,-1391.00
0.47959089279174804688,-192.00, 0.00,-1385.00
0.48114490509033203125,-192.00,-256.00,-1386.00
0.48264694213867187500,-195.00,-3.00,-1386.00
0.48485493659973144531,-188.00, 3.00,-1395.00
0.48646903038024902344,-189.00,-3.00,-1387.00
0.50164103507995605469,-191.00, 2.00,-1391.00
0.50309109687805175781,-193.00,-3.00,-1396.00
0.50449705123901367188,-193.00, 1.00,-1389.00
0.51640009880065917969,-193.00, 0.00,-1391.00
0.51782488822937011719,-194.00, 3.00,-1387.00
0.51923894882202148438,-194.00,-4.00,-1387.00
0.52069592475891113281,-188.00,-4.00,-1387.00
0.52217292785644531250,-199.00, 5.00,-1382.00
0.52366209030151367188,-193.00, 5.00,-1391.00
0.52574396133422851562,-191.00, 2.00,-1391.00
0.53630805015563964844,-191.00, 6.00,-1388.00
0.53769302368164062500,-193.00, 6.00,-1386.00
0.53906297683715820312,-190.00, 6.00,-1386.00
0.54049205780029296875,-187.00, 6.00,-1389.00
0.54194092750549316406,-187.00, 6.00,-1398.00
0.54336309432983398438,-197.00,-2.00,-1398.00
0.54482007026672363281,-193.00, 2.00,-1397.00
0.55633592605590820312,-193.00,-1.00,-1383.00
0.55776596069335937500,-192.00, 1.00,-1391.00
0.55918002128601074219,-192.00,-3.00,-1393.00
0.56061196327209472656,-195.00,-3.00,-1393.00
0.56539607048034667969,-193.00, 5.00,-1387.00
0.56695795059204101562,-195.00, 0.00,-1400.00
0.57614088058471679688,-197.00, 2.00,-1390.00
0.57752203941345214844,-198.00, 2.00,-1390.00
0.57891893386840820312,-197.00,-2.00,-1395.00
0.58039689064025878906,-189.00,-2.00,-1404.00
0.59618306159973144531,-189.00,-3.00,-1388.00
0.59759688377380371094,-195.00, 2.00,-1387.00
0.59895706176757812500,-195.00, 6.00,-1390.00
0.60038304328918457031,-192.00, 6.00,-1390.00
0.60182309150695800781,-192.00, 5.00,-1385.00
0.61304211616516113281,-192.00,-3.00,-1396.00
0.61444902420043945312,-201.00, 9.00,-1389.00
0.61591506004333496094,-201.00, 7.00,-1393.00
0.61734294891357421875,-205.00, 7.00,-1393.00
0.61879706382751464844,-197.00, 0.00,-1390.00
0.62025189399719238281,-197.00, 4.00,-1399.00
0.62172102928161621094,-192.00, 4.00,-1399.00
0.63621997833251953125,-198.00, 0.00,-1394.00
0.63794207572937011719,-185.00,-1.00,-1389.00
0.64310002326965332031,-190.00,-3.00,-1388.00
0.64461398124694824219,-196.00,-4.00,-1389.00
0.64759993553161621094,-196.00, 2.00,-1392.00
0.64905309677124023438,-190.00, 2.00,-1392.00
0.65066599845886230469,-195.00, 2.00,-1389.00
0.65216493606567382812,-202.00, 4.00,-1388.00
0.65364789962768554688,-202.00, 4.00,-1389.00
0.65510797500610351562,-204.00, 4.00,-1389.00
0.66994905471801757812,-188.00, 2.00,-1388.00
0.67519307136535644531,-195.00,-250.00,-1390.00
0.68635010719299316406,-186.00, 2.00,-1390.00
0.68781089782714843750,-190.00,-1.00,-1386.00
0.70619702339172363281,-190.00,-245.00,-1384.00
0.70758605003356933594,-197.00,-2.00,-1384.00
0.70895290374755859375,-191.00, 4.00,-1399.00
0.71030092239379882812,-191.00,-252.00,-1391.00
0.71169209480285644531,-192.00,-1.00,-1391.00
0.71311402320861816406,-193.00, 5.00,-1387.00
0.71456599235534667969,-193.00, 5.00,-1391.00
0.72615790367126464844,-195.00,252.00,-1383.00
0.72771310806274414062,-197.00,-1.00,-1390.00
0.73617696762084960938,-197.00, 1.00,-1388.00
0.73766994476318359375,-190.00, 1.00,-1389.00
0.73914790153503417969,-196.00, 0.00,-1389.00
0.74553608894348144531,-193.00, 1.00,-1388.00
0.74695897102355957031,-203.00, 5.00,-1397.00
0.74835801124572753906,-203.00, 1.00,-1393.00
0.74982190132141113281,-197.00, 1.00,-1393.00
0.75143194198608398438,-196.00,11.00,-1386.00
0.76619195938110351562,-200.00, 6.00,-1385.00
0.76762700080871582031,-195.00, 6.00,-1400.00
0.76903605461120605469,-195.00, 6.00,-1391.00
0.77055501937866210938,-199.00, 6.00,-1391.00
0.77203989028930664062,-207.00, 2.00,-1389.00
0.77349996566772460938,-207.00, 6.00,-1389.00
0.79620289802551269531,-193.00, 2.00,-1391.00
0.79763102531433105469,-200.00, 1.00,-1392.00
0.80601906776428222656,-200.00,-249.00,-1383.00
0.80750989913940429688,-199.00, 3.00,-1396.00
0.80899596214294433594,-197.00, 3.00,-1384.00
0.82591700553894042969,-193.00, 7.00,-1395.00
0.82734799385070800781,-194.00, 0.00,-1395.00
0.82874202728271484375,-196.00,-3.00,-1389.00
0.83011889457702636719,-196.00,-3.00,-1396.00
0.83540511131286621094,-204.00,-1.00,-1396.00
0.83698391914367675781,-199.00,-3.00,-1380.00
0.83848500251770019531,-197.00,-3.00,-1387.00
0.85390710830688476562,-191.00,253.00,-1391.00
0.85536003112792968750,-190.00, 1.00,-1388.00
0.85676693916320800781,-195.00, 1.00,-1388.00
0.85817503929138183594,-195.00,-1.00,-1392.00
0.85960197448730468750,-195.00,255.00,-1389.00
0.86106705665588378906,-197.00,10.00,-1389.00
0.86254906654357910156,-191.00, 1.00,-1387.00
0.86401009559631347656,-191.00, 5.00,-1387.00
0.88618898391723632812,-192.00, 3.00,-1399.00
0.89131188392639160156,-197.00, 7.00,-1387.00
0.89274406433105468750,-193.00, 2.00,-1387.00
0.89416694641113281250,-195.00, 4.00,-1394.00
0.89565491676330566406,-195.00, 2.00,-1387.00
0.89715409278869628906,-200.00, 2.00,-1387.00
0.89863705635070800781,-199.00, 9.00,-1395.00
0.90010190010070800781,-195.00,-4.00,-1391.00
0.90635108947753906250,-195.00, 1.00,-1395.00
0.90781402587890625000,-197.00, 1.00,-1392.00
0.90918707847595214844,-190.00, 0.00,-1392.00
0.91135191917419433594,-195.00,-1.00,-1399.00
0.91274595260620117188,-197.00, 0.00,-1393.00
0.91521096229553222656,-197.00,-256.00,-1394.00
0.91764998435974121094,-189.00,-1.00,-1390.00
0.92515397071838378906,-194.00, 9.00,-1392.00
0.93656611442565917969,-189.00, 0.00,-1386.00
0.93799090385437011719,-191.00, 1.00,-1385.00
0.93951702117919921875,-191.00, 1.00,-1395.00
0.94090294837951660156,-190.00, 2.00,-1395.00
0.94230389595031738281,-194.00,-5.00,-1399.00
0.94370007514953613281,-194.00,251.00,-1392.00
0.94513893127441406250,-193.00, 4.00,-1392.00
0.94671297073364257812,-192.00, 6.00,-1389.00
0.94820308685302734375,-192.00, 4.00,-1394.00
0.95658206939697265625,-192.00, 4.00,-1391.00
0.96654796600341796875,-195.00, 5.00,-1394.00
0.96807408332824707031,-198.00, 1.00,-1382.00
0.96993899345397949219,-196.00, 5.00,-1387.00
0.97138500213623046875,-196.00, 4.00,-1394.00
0.97275710105895996094,-191.00, 4.00,-1394.00
0.97411489486694335938,-192.00,-1.00,-1393.00
0.97552204132080078125,-192.00,-3.00,-1387.00
0.98446989059448242188,-197.00,10.00,-1391.00
0.98589396476745605469,-198.00,10.00,-1388.00
0.98735690116882324219,-197.00, 0.00,-1388.00
0.98884201049804687500,-200.00, 5.00,-1395.00
0.99032211303710937500,-200.00, 0.00,-1390.00
1.00597000122070312500,-196.00,-1.00,-1386.00
1.01653504371643066406,-190.00,-3.00,-1394.00
1.01797103881835937500,-201.00, 1.00,-1384.00
1.01935505867004394531,-201.00, 1.00,-1381.00
1.02073407173156738281,-203.00, 4.00,-1381.00
1.02223110198974609375,-188.00,-1.00,-1390.00
1.02484202384948730469,-188.00,-1.00,-1400.00
1.03633809089660644531,-199.00, 5.00,-1388.00
1.03775501251220703125,-186.00, 2.00,-1388.00
1.03916597366333007812,-188.00,-1.00,-1384.00
1.04065799713134765625,-188.00, 2.00,-1390.00
1.04540801048278808594,-198.00, 2.00,-1390.00
1.05446791648864746094,-196.00, 5.00,-1391.00
1.06598591804504394531,-192.00, 0.00,-1387.00
1.06740999221801757812,-191.00, 3.00,-1387.00
1.07483601570129394531,-197.00, 6.00,-1396.00
1.07639789581298828125,-193.00, 4.00,-1384.00
1.07787609100341796875,-199.00, 4.00,-1384.00
1.07939291000366210938,-199.00, 5.00,-1385.00
1.09243893623352050781,-199.00, 1.00,-1390.00
1.09467291831970214844,-189.00, 1.00,-1389.00
1.09608793258666992188,-200.00, 0.00,-1394.00
1.09747409820556640625,-200.00, 6.00,-1385.00
1.09890508651733398438,-191.00, 6.00,-1385.00
1.10034203529357910156,-188.00, 7.00,-1394.00
1.11618804931640625000,-188.00, 6.00,-1391.00
1.11761307716369628906,-194.00, 8.00,-1391.00
1.11902093887329101562,-197.00, 0.00,-1397.00
1.12504792213439941406,-197.00, 2.00,-1395.00
1.12661099433898925781,-195.00, 2.00,-1389.00
1.12808203697204589844,-198.00, 2.00,-1389.00
1.13902091979980468750,-195.00, 6.00,-1388.00
1.14074301719665527344,-195.00, 5.00,-1383.00
1.14217805862426757812,-195.00, 6.00,-1390.00
1.14784693717956542969,-195.00, 6.00,-1388.00
1.14932107925415039062,-195.00, 6.00,-1389.00
1.15074205398559570312,-193.00,-3.00,-1400.00
1.15373206138610839844,-210.00,-2.00,-1391.00
1.16006898880004882812,-195.00,-1.00,-1386.00
1.16634702682495117188,-198.00, 1.00,-1390.00
1.18599009513854980469,-194.00, 1.00,-1393.00
1.18740797042846679688,-194.00, 0.00,-1393.00
1.18878793716430664062,-198.00, 3.00,-1388.00
1.19019889831542968750,-198.00, 0.00,-1389.00
1.19167709350585937500,-189.00, 0.00,-1389.00
1.19313788414001464844,-196.00, 3.00,-1387.00
1.20188498497009277344,-194.00, 2.00,-1397.00
1.20337796211242675781,-190.00, 4.00,-1388.00
1.20632290840148925781,-190.00, 5.00,-1395.00
1.20787405967712402344,-195.00, 5.00,-1391.00
1.21539497375488281250,-191.00, 6.00,-1394.00
1.21693992614746093750,-200.00, 2.00,-1389.00
1.22576999664306640625,-195.00,252.00,-1395.00
1.22725200653076171875,-195.00,-4.00,-1395.00
1.22867608070373535156,-201.00, 8.00,-1384.00
1.23636603355407714844,-201.00, 7.00,-1396.00
1.23833394050598144531,-193.00, 7.00,-1395.00
1.23973894119262695312,-201.00, 5.00,-1395.00
1.24112105369567871094,-195.00, 3.00,-1386.00
1.24249792098999023438,-195.00, 3.00,-1388.00
1.24393510818481445312,-189.00, 0.00,-1388.00
1.25178289413452148438,-204.00, 0.00,-1389.00
1.26614904403686523438,-199.00, 0.00,-1396.00
1.26752805709838867188,-191.00, 0.00,-1382.00
1.26889491081237792969,-194.00, 0.00,-1382.00
1.27024888992309570312,-197.00,-3.00,-1398.00
1.27166008949279785156,-197.00,-3.00,-1385.00
1.27310109138488769531,-193.00, 7.00,-1385.00
1.27469301223754882812,-195.00, 1.00,-1390.00
1.27619194984436035156,-195.00, 0.00,-1401.00
1.28635692596435546875,-202.00, 4.00,-1397.00
1.28778409957885742188,-195.00, 2.00,-1397.00
1.28917503356933593750,-194.00, 2.00,-1393.00
1.29053807258605957031,-194.00, 2.00,-1391.00
1.29200196266174316406,-194.00,-2.00,-1391.00
1.29347109794616699219,-191.00, 2.00,-1393.00
1.29530906677246093750,-191.00, 2.00,-1394.00
1.30594396591186523438,-194.00, 4.00,-1387.00
1.30737304687500000000,-199.00, 1.00,-1390.00
1.30881190299987792969,-198.00, 2.00,-1390.00
1.32402205467224121094,-199.00, 2.00,-1398.00
1.32604289054870605469,-192.00, 0.00,-1392.00
1.32760405540466308594,-186.00, 0.00,-1391.00
1.32899308204650878906,-186.00, 3.00,-1391.00
1.33616995811462402344,-189.00, 4.00,-1395.00
1.33766794204711914062,-188.00, 6.00,-1388.00
1.33913803100585937500,-188.00, 6.00,-1393.00
1.34778189659118652344,-203.00,-2.00,-1392.00
1.35092997550964355469,-196.00,252.00,-1400.00
1.35391592979431152344,-198.00,254.00,-1386.00
1.36618494987487792969,-196.00, 2.00,-1387.00
1.37621688842773437500,-204.00, 2.00,-1392.00
1.37767910957336425781,-204.00, 4.00,-1391.00
1.37909197807312011719,-204.00, 4.00,-1388.00
1.38056993484497070312,-194.00, 0.00,-1388.00
1.39282894134521484375,-192.00, 6.00,-1395.00
1.39427495002746582031,-197.00, 2.00,-1386.00
1.39573788642883300781,-193.00, 2.00,-1395.00
1.39721107482910156250,-196.00, 0.00,-1395.00
1.39880299568176269531,-195.00, 1.00,-1399.00
1.40596890449523925781,-195.00,-250.00,-1396.00
1.40740299224853515625,-193.00, 7.00,-1390.00
1.40910291671752929688,-193.00, 4.00,-1397.00
1.42263507843017578125,-199.00,-4.00,-1393.00
1.42425990104675292969,-196.00, 3.00,-1403.00
1.43638110160827636719,-196.00, 3.00,-1393.00
1.43785691261291503906,-196.00, 3.00,-1394.00
1.43944191932678222656,-200.00,-4.00,-1394.00
1.44093394279479980469,-202.00,-1.00,-1394.00
1.44238710403442382812,-202.00, 0.00,-1392.00
1.44385099411010742188,-194.00, 0.00,-1392.00
1.46215510368347167969,-195.00,-4.00,-1395.00
1.46353292465209960938,-196.00, 3.00,-1387.00
1.46487808227539062500,-192.00, 3.00,-1387.00
1.46627306938171386719,-199.00,-1.00,-1400.00
1.46771907806396484375,-199.00, 3.00,-1390.00
1.46912908554077148438,-188.00, 3.00,-1390.00
1.47054100036621093750,-195.00, 5.00,-1395.00
1.47199010848999023438,-195.00, 0.00,-1397.00
1.47638893127441406250,-197.00, 2.00,-1396.00
1.47781300544738769531,-193.00, 2.00,-1392.00
1.48635697364807128906,-187.00, 8.00,-1384.00
1.48783588409423828125,-200.00, 3.00,-1384.00
1.49606990814208984375,-196.00,-3.00,-1402.00
1.50377893447875976562,-191.00, 4.00,-1392.00
1.50520992279052734375,-194.00, 2.00,-1390.00
1.50677800178527832031,-195.00,10.00,-1390.00
1.52419090270996093750,-194.00,-254.00,-1391.00
1.52585506439208984375,-191.00, 5.00,-1391.00
1.52723789215087890625,-192.00,-1.00,-1397.00
1.52863001823425292969,-192.00, 6.00,-1397.00
1.53010296821594238281,-197.00, 6.00,-1397.00
1.54322504997253417969,-193.00, 5.00,-1399.00
1.54476594924926757812,-193.00, 0.00,-1399.00
1.54718399047851562500,-200.00, 2.00,-1387.00
1.54907894134521484375,-199.00, 0.00,-1388.00
1.55056190490722656250,-190.00, 1.00,-1391.00
1.57562804222106933594,-190.00, 3.00,-1393.00
1.57711100578308105469,-188.00, 7.00,-1397.00
1.57857203483581542969,-193.00, 7.00,-1397.00
1.58639192581176757812,-191.00, 8.00,-1400.00
1.58779311180114746094,-192.00, 4.00,-1399.00
1.58909797668457031250,-192.00, 4.00,-1399.00
1.59041094779968261719,-196.00, 4.00,-1393.00
1.59171509742736816406,-196.00, 2.00,-1390.00
1.59306097030639648438,-196.00, 2.00,-1390.00
1.59439611434936523438,-200.00, 7.00,-1390.00
1.59603095054626464844,-200.00,-249.00,-1392.00
1.60933494567871093750,-200.00,253.00,-1383.00
1.61081504821777343750,-204.00,-1.00,-1391.00
1.61634111404418945312,-199.00, 8.00,-1392.00
1.61774897575378417969,-198.00, 8.00,-1388.00
1.61916899681091308594,-198.00,-1.00,-1386.00
1.62055897712707519531,-193.00,-1.00,-1386.00
1.62199091911315917969,-189.00,-2.00,-1396.00
1.62345194816589355469,-189.00, 7.00,-1394.00
1.64607906341552734375,-199.00, 2.00,-1390.00
1.64749693870544433594,-195.00, 3.00,-1390.00
1.64897608757019042969,-193.00,-4.00,-1389.00
1.65708804130554199219,-193.00,-2.00,-1394.00
1.65849304199218750000,-190.00,-2.00,-1394.00
1.65984106063842773438,-203.00, 0.00,-1388.00
1.66129088401794433594,-203.00,-3.00,-1392.00
1.66272807121276855469,-201.00,-3.00,-1392.00
1.67552804946899414062,-198.00,-3.00,-1390.00
1.68636894226074218750,-194.00, 2.00,-1389.00
1.68777894973754882812,-191.00, 2.00,-1389.00
1.68914294242858886719,-191.00, 4.00,-1384.00
1.69050002098083496094,-191.00,-1.00,-1395.00
1.69191288948059082031,-194.00,-1.00,-1395.00
1.69331288337707519531,-191.00, 1.00,-1388.00
1.69476199150085449219,-191.00, 1.00,-1381.00
1.69623994827270507812,-193.00, 1.00,-1381.00
1.70552897453308105469,-196.00, 0.00,-1395.00
1.70692396163940429688,-194.00, 0.00,-1395.00
1.70851111412048339844,-196.00, 3.00,-1379.00
1.70997810363769531250,-199.00, 5.00,-1391.00
1.71143007278442382812,-199.00, 5.00,-1392.00
1.71313405036926269531,-199.00, 3.00,-1392.00
1.72329306602478027344,-194.00, 3.00,-1392.00
1.72504591941833496094,-193.00, 8.00,-1393.00
1.73132300376892089844,-196.00, 3.00,-1392.00
1.73376989364624023438,-189.00, 2.00,-1386.00
1.73537802696228027344,-198.00, 4.00,-1390.00
1.74329590797424316406,-198.00,252.00,-1393.00
1.74631404876708984375,-202.00,-1.00,-1385.00
1.74774789810180664062,-198.00,-1.00,-1394.00
1.76561307907104492188,-198.00,255.00,-1396.00
1.76708006858825683594,-192.00, 0.00,-1390.00
1.76844501495361328125,-192.00,-1.00,-1396.00
1.76980090141296386719,-203.00,-1.00,-1396.00
1.77117896080017089844,-193.00,-1.00,-1388.00
1.77261590957641601562,-193.00, 1.00,-1382.00
1.78117203712463378906,-201.00, 6.00,-1387.00
1.78260493278503417969,-201.00, 6.00,-1387.00
1.78411197662353515625,-197.00, 2.00,-1387.00
1.78794288635253906250,-194.00, 3.00,-1389.00
1.79632997512817382812,-188.00, 8.00,-1395.00
1.80541610717773437500,-197.00,-3.00,-1392.00
1.80832004547119140625,-192.00, 5.00,-1389.00
1.80971097946166992188,-197.00, 5.00,-1389.00
1.81110692024230957031,-201.00, 4.00,-1389.00
1.81250309944152832031,-201.00, 6.00,-1387.00
1.81400108337402343750,-192.00, 6.00,-1387.00
1.82457709312438964844,-200.00, 0.00,-1390.00
1.83534693717956542969,-193.00, 0.00,-1393.00
1.83680009841918945312,-194.00, 3.00,-1393.00
1.83820796012878417969,-190.00,-3.00,-1380.00
1.83966898918151855469,-190.00,253.00,-1388.00
1.84629988670349121094,-198.00, 5.00,-1388.00
1.84770393371582031250,-189.00, 1.00,-1388.00
1.84907793998718261719,-193.00, 6.00,-1377.00
1.85051894187927246094,-193.00, 1.00,-1395.00
1.85197091102600097656,-199.00, 1.00,-1395.00
1.86618804931640625000,-201.00,-1.00,-1390.00
1.86760807037353515625,-200.00, 0.00,-1392.00
1.86900997161865234375,-200.00, 0.00,-1391.00
1.87040305137634277344,-196.00, 1.00,-1391.00
1.87185096740722656250,-200.00, 1.00,-1389.00
1.88618493080139160156,-200.00, 6.00,-1391.00
1.88759088516235351562,-193.00, 6.00,-1391.00
1.88899803161621093750,-203.00,-1.00,-1392.00
1.89038491249084472656,-203.00, 6.00,-1402.00
1.89183211326599121094,-194.00, 6.00,-1402.00
1.89329099655151367188,-181.00, 6.00,-1392.00
1.89476394653320312500,-181.00, 7.00,-1394.00
1.89624500274658203125,-195.00, 7.00,-1388.00
1.91107392311096191406,-197.00, 5.00,-1392.00
1.91244792938232421875,-197.00, 6.00,-1392.00
1.91381788253784179688,-197.00, 6.00,-1388.00
1.91519308090209960938,-197.00, 6.00,-1396.00
1.91671800613403320312,-186.00, 9.00,-1396.00
1.91815209388732910156,-194.00, 0.00,-1392.00
1.91961407661437988281,-194.00, 0.00,-1391.00
1.92550897598266601562,-196.00, 4.00,-1389.00
1.92849588394165039062,-186.00, 8.00,-1386.00
1.93389296531677246094,-201.00,-4.00,-1380.00
1.94427895545959472656,-196.00, 4.00,-1380.00
1.95518207550048828125,-199.00,-3.00,-1388.00
1.96448588371276855469,-194.00,-2.00,-1392.00
1.96622991561889648438,-193.00,-4.00,-1377.00
1.96762299537658691406,-198.00,-4.00,-1377.00
1.96898889541625976562,-200.00, 3.00,-1390.00
1.97519111633300781250,-200.00,-2.00,-1382.00
1.97678709030151367188,-193.00, 0.00,-1374.00
1.97819590568542480469,-191.00, 0.00,-1374.00
1.97965788841247558594,-201.00, 0.00,-1393.00
1.99620389938354492188,-197.00,12.00,-1399.00
1.99762606620788574219,-198.00,-3.00,-1389.00
1.99900102615356445312,-198.00,-3.00,-1389.00
2.00039601325988769531,-193.00, 3.00,-1392.00
2.00186204910278320312,-193.00,-3.00,-1385.00
2.00332093238830566406,-203.00,-3.00,-1385.00
2.00475311279296875000,-194.00,12.00,-1392.00
2.00628399848937988281,-194.00,-3.00,-1399.00
2.01634502410888671875,-203.00,253.00,-1396.00
2.03598093986511230469,-196.00,-253.00,-1384.00
2.03768992424011230469,-198.00,253.00,-1395.00
2.03926992416381835938,-200.00, 1.00,-1389.00
2.04069709777832031250,-200.00, 3.00,-1389.00
2.04206299781799316406,-198.00, 2.00,-1396.00
2.04346299171447753906,-198.00, 2.00,-1396.00
2.04625797271728515625,-193.00, 3.00,-1393.00
2.04771995544433593750,-185.00, 3.00,-1384.00
2.04923105239868164062,-198.00, 1.00,-1384.00
2.05927109718322753906,-203.00,-3.00,-1399.00
2.06071090698242187500,-196.00,-1.00,-1395.00
2.06234788894653320312,-199.00,-1.00,-1395.00
2.06382298469543457031,-207.00,-4.00,-1393.00
2.06535696983337402344,-191.00, 9.00,-1388.00
2.06680107116699218750,-191.00,-247.00,-1389.00
2.09170103073120117188,-204.00, 7.00,-1394.00
2.09309005737304687500,-193.00, 0.00,-1385.00
2.09450197219848632812,-193.00, 2.00,-1389.00
2.09605789184570312500,-190.00, 2.00,-1393.00
2.11421990394592285156,-203.00, 5.00,-1390.00
2.11574196815490722656,-192.00, 4.00,-1400.00
2.11820697784423828125,-198.00, 4.00,-1395.00
2.12273311614990234375,-188.00, 7.00,-1387.00
2.12685704231262207031,-196.00,10.00,-1390.00
2.13618111610412597656,-189.00,-246.00,-1384.00
2.15617895126342773438,-192.00, 0.00,-1394.00
2.15760087966918945312,-197.00,-1.00,-1385.00
2.15897703170776367188,-197.00,-1.00,-1385.00
2.16038799285888671875,-198.00,14.00,-1385.00
2.16183590888977050781,-198.00,-3.00,-1391.00
2.16633701324462890625,-190.00, 0.00,-1388.00
2.16781210899353027344,-192.00, 0.00,-1382.00
2.17612695693969726562,-201.00,251.00,-1384.00
2.18516111373901367188,-198.00, 3.00,-1384.00
2.19636297225952148438,-195.00, 4.00,-1389.00
2.19786405563354492188,-197.00, 4.00,-1393.00
2.20041799545288085938,-197.00, 0.00,-1392.00
2.20632195472717285156,-182.00, 6.00,-1395.00
2.20771098136901855469,-188.00, 6.00,-1399.00
2.20906209945678710938,-198.00, 2.00,-1399.00
2.21069502830505371094,-196.00, 3.00,-1392.00
2.21217799186706542969,-196.00, 5.00,-1392.00
2.21806788444519042969,-191.00,-4.00,-1400.00
2.21957993507385253906,-204.00, 6.00,-1400.00
2.22106003761291503906,-192.00,12.00,-1390.00
2.23618793487548828125,-192.00, 7.00,-1391.00
2.23760008811950683594,-191.00,10.00,-1386.00
2.23900103569030761719,-197.00,10.00,-1386.00
2.24043798446655273438,-194.00, 3.00,-1390.00
2.24188995361328125000,-198.00, 0.00,-1392.00
2.24333810806274414062,-198.00, 0.00,-1383.00
2.24478411674499511719,-200.00, 7.00,-1383.00
2.25635695457458496094,-189.00,-1.00,-1387.00
2.25779604911804199219,-197.00,-1.00,-1387.00
2.25921797752380371094,-196.00, 1.00,-1394.00
2.26073288917541503906,-196.00,-2.00,-1387.00
2.26233696937561035156,-192.00,-2.00,-1381.00
2.26403594017028808594,-193.00, 3.00,-1381.00
2.28617191314697265625,-193.00,-2.00,-1394.00
2.28759098052978515625,-192.00,-2.00,-1392.00
2.28900504112243652344,-190.00,-2.00,-1392.00
2.29038000106811523438,-198.00, 0.00,-1384.00
2.29185509681701660156,-198.00, 0.00,-1385.00
2.29333591461181640625,-190.00, 3.00,-1385.00
2.29480791091918945312,-202.00,-2.00,-1389.00
2.29746890068054199219,-202.00, 1.00,-1398.00
2.29888701438903808594,-199.00, 0.00,-1396.00
2.30030298233032226562,-199.00, 0.00,-1385.00
2.30176711082458496094,-189.00, 1.00,-1385.00
2.30321002006530761719,-179.00, 2.00,-1383.00
2.30673003196716308594,-179.00,-248.00,-1387.00
2.30821394920349121094,-186.00,-3.00,-1387.00
2.31151390075683593750,-190.00,252.00,-1388.00
2.31299090385437011719,-196.00, 0.00,-1396.00
2.31692004203796386719,-190.00, 0.00,-1390.00
2.34378600120544433594,-190.00,10.00,-1393.00
2.34520101547241210938,-202.00, 2.00,-1396.00
2.34666490554809570312,-202.00,-1.00,-1389.00
2.34803795814514160156,-198.00,-1.00,-1389.00
2.34948897361755371094,-195.00, 1.00,-1391.00
2.35934209823608398438,-195.00, 3.00,-1391.00
2.36703300476074218750,-197.00,12.00,-1386.00
2.37536001205444335938,-192.00,-3.00,-1391.00
2.37703609466552734375,-191.00, 7.00,-1397.00
2.37844204902648925781,-191.00,-1.00,-1400.00
2.37984108924865722656,-192.00,-1.00,-1400.00
2.38140606880187988281,-194.00, 3.00,-1399.00
2.39315605163574218750,-193.00,252.00,-1389.00
2.39465498924255371094,-191.00, 1.00,-1389.00
2.39633107185363769531,-190.00, 0.00,-1387.00
2.39780998229980468750,-199.00,-1.00,-1387.00
2.40588402748107910156,-195.00, 3.00,-1395.00
2.41572189331054687500,-200.00, 4.00,-1394.00
2.41722893714904785156,-188.00, 1.00,-1394.00
2.41951489448547363281,-193.00, 0.00,-1397.00
2.42095208168029785156,-194.00, 2.00,-1385.00
2.42286992073059082031,-194.00, 6.00,-1389.00
2.43544602394104003906,-194.00, 6.00,-1394.00
2.43696498870849609375,-196.00,-247.00,-1392.00
2.43836188316345214844,-198.00,-4.00,-1392.00
2.44006109237670898438,-194.00,-1.00,-1379.00
2.44150900840759277344,-194.00, 7.00,-1381.00
2.44295907020568847656,-192.00, 7.00,-1381.00
2.44440007209777832031,-195.00, 3.00,-1393.00
2.45663905143737792969,-204.00, 5.00,-1384.00
2.45807409286499023438,-195.00, 5.00,-1396.00
2.45948290824890136719,-192.00, 3.00,-1396.00
2.46087908744812011719,-192.00, 5.00,-1384.00
2.46235895156860351562,-192.00,-2.00,-1393.00
2.47579789161682128906,-192.00,254.00,-1386.00
2.47721004486083984375,-200.00,-1.00,-1390.00
2.47874188423156738281,-195.00,-1.00,-1390.00
2.48849987983703613281,-194.00,-3.00,-1387.00
2.49002003669738769531,-191.00, 2.00,-1386.00
2.49143290519714355469,-191.00, 2.00,-1397.00
2.49281191825866699219,-195.00,-1.00,-1397.00
2.49425888061523437500,-197.00, 4.00,-1389.00
2.49590110778808593750,-197.00, 4.00,-1383.00
2.50283098220825195312,-196.00, 4.00,-1391.00
2.50552010536193847656,-200.00, 1.00,-1396.00
2.51543688774108886719,-200.00, 0.00,-1385.00
2.52253699302673339844,-197.00, 5.00,-1389.00
2.52966809272766113281,-193.00, 2.00,-1388.00
2.53530597686767578125,-196.00, 8.00,-1398.00
2.53676009178161621094,-190.00, 3.00,-1392.00
2.54637408256530761719,-190.00, 1.00,-1389.00
2.54785203933715820312,-194.00, 7.00,-1389.00
2.55642199516296386719,-188.00, 7.00,-1397.00
2.55791807174682617188,-190.00, 7.00,-1388.00
2.56042504310607910156,-190.00, 1.00,-1392.00
2.56556296348571777344,-197.00,-3.00,-1385.00
2.56706905364990234375,-191.00, 5.00,-1383.00
2.56845998764038085938,-200.00, 3.00,-1385.00
2.56990504264831542969,-200.00,-1.00,-1392.00
2.57139301300048828125,-189.00,-1.00,-1384.00
2.58620309829711914062,-186.00, 1.00,-1388.00
2.58789110183715820312,-200.00, 1.00,-1388.00
2.59539794921875000000,-197.00, 6.00,-1391.00
2.59721589088439941406,-198.00, 4.00,-1386.00
2.59870004653930664062,-187.00, 0.00,-1389.00
2.60008907318115234375,-195.00, 0.00,-1389.00
2.60148000717163085938,-197.00,-4.00,-1392.00
2.60293889045715332031,-197.00,-4.00,-1390.00
2.60439705848693847656,-201.00, 1.00,-1390.00
2.60603904724121093750,-197.00,-1.00,-1388.00
2.61813306808471679688,-197.00,-3.00,-1390.00
2.61964702606201171875,-193.00,-3.00,-1390.00
2.62112498283386230469,-186.00,-4.00,-1384.00
2.62258911132812500000,-203.00, 9.00,-1384.00
2.62620401382446289062,-203.00, 2.00,-1380.00
2.62771511077880859375,-200.00, 3.00,-1380.00
2.62917494773864746094,-195.00, 2.00,-1395.00
2.63064098358154296875,-195.00, 0.00,-1391.00
2.63626503944396972656,-202.00,-4.00,-1384.00
2.63765001296997070312,-197.00,10.00,-1388.00
2.63908195495605468750,-197.00,-3.00,-1388.00
2.64053988456726074219,-192.00,-3.00,-1388.00
2.64197707176208496094,-194.00, 3.00,-1391.00
2.65621304512023925781,-194.00,-3.00,-1396.00
2.66393399238586425781,-197.00, 9.00,-1392.00
2.66536498069763183594,-189.00, 3.00,-1392.00
2.66683197021484375000,-203.00, 4.00,-1388.00
2.66829991340637207031,-203.00, 4.00,-1389.00
2.66977095603942871094,-193.00, 7.00,-1389.00
2.67126393318176269531,-196.00, 2.00,-1389.00
2.67630910873413085938,-196.00,-1.00,-1398.00
2.67772603034973144531,-194.00, 9.00,-1386.00
2.67912006378173828125,-194.00, 6.00,-1383.00
2.68056488037109375000,-194.00, 6.00,-1383.00
2.69097995758056640625,-192.00, 7.00,-1393.00
2.69248294830322265625,-187.00, 4.00,-1385.00
2.69509196281433105469,-187.00, 1.00,-1391.00
2.69748210906982421875,-192.00, 4.00,-1387.00
2.70640707015991210938,-184.00, 2.00,-1394.00
2.70791196823120117188,-193.00, 2.00,-1394.00
2.71616005897521972656,-203.00, 9.00,-1388.00
2.72617793083190917969,-197.00,-1.00,-1384.00
2.72770810127258300781,-197.00,-1.00,-1390.00
2.74314689636230468750,-197.00, 5.00,-1393.00
2.74458098411560058594,-200.00, 2.00,-1389.00
2.74611711502075195312,-200.00,-254.00,-1399.00
2.74758601188659667969,-194.00,-1.00,-1399.00
2.76597309112548828125,-194.00,-4.00,-1383.00
2.76745200157165527344,-192.00, 4.00,-1390.00
2.76888203620910644531,-185.00, 4.00,-1390.00
2.77033710479736328125,-195.00, 3.00,-1394.00
2.77634406089782714844,-195.00, 7.00,-1391.00
2.77777504920959472656,-200.00, 7.00,-1388.00
2.77919602394104003906,-195.00, 3.00,-1388.00
2.78090405464172363281,-196.00, 5.00,-1395.00
2.78242206573486328125,-199.00, 2.00,-1399.00
2.78385210037231445312,-199.00, 2.00,-1390.00
2.79637789726257324219,-196.00, 4.00,-1383.00
2.79787707328796386719,-189.00,-1.00,-1383.00
2.79936003684997558594,-195.00, 3.00,-1384.00
2.80636191368103027344,-195.00, 4.00,-1390.00
2.80796003341674804688,-197.00,-1.00,-1393.00
2.81918096542358398438,-197.00, 4.00,-1389.00
2.82060503959655761719,-191.00, 4.00,-1385.00
2.82199692726135253906,-191.00,-4.00,-1386.00
2.82343697547912597656,-198.00,-4.00,-1386.00
2.83564090728759765625,-196.00, 4.00,-1395.00
2.84639191627502441406,-199.00,-3.00,-1391.00
2.84782910346984863281,-195.00, 0.00,-1395.00
2.84963989257812500000,-195.00,-2.00,-1391.00
2.85578989982604980469,-203.00,-2.00,-1390.00
2.85728311538696289062,-192.00, 9.00,-1391.00
2.85863304138183593750,-201.00,-2.00,-1392.00
2.85994601249694824219,-201.00, 4.00,-1382.00
2.86128401756286621094,-189.00, 4.00,-1382.00
2.86270308494567871094,-197.00,-2.00,-1386.00
2.87557196617126464844,-197.00, 1.00,-1393.00
2.87706995010375976562,-199.00, 5.00,-1396.00
2.87877893447875976562,-199.00, 5.00,-1388.00
2.88541293144226074219,-195.00, 8.00,-1388.00
2.89648795127868652344,-196.00, 3.00,-1382.00
2.89791989326477050781,-183.00,-1.00,-1393.00
2.89928889274597167969,-193.00,-1.00,-1393.00
2.90064501762390136719,-195.00,-1.00,-1388.00
2.90206694602966308594,-195.00, 7.00,-1386.00
2.90635395050048828125,-202.00, 4.00,-1395.00
2.90783095359802246094,-198.00, 4.00,-1386.00
2.91139602661132812500,-200.00, 7.00,-1385.00
2.91388797760009765625,-191.00, 3.00,-1388.00
2.91801404953002929688,-193.00, 3.00,-1388.00
2.92783498764038085938,-199.00, 1.00,-1390.00
2.95529508590698242188,-208.00, 0.00,-1382.00
2.95679211616516113281,-193.00, 5.00,-1387.00
2.95819807052612304688,-198.00, 5.00,-1387.00
2.95962190628051757812,-198.00, 4.00,-1395.00
2.96111989021301269531,-198.00,-4.00,-1385.00
2.96259188652038574219,-198.00,-4.00,-1394.00
2.96405911445617675781,-199.00, 2.00,-1394.00
2.97067403793334960938,-190.00, 4.00,-1396.00
2.97642207145690917969,-199.00, 3.00,-1384.00
2.97784495353698730469,-199.00, 6.00,-1381.00
2.97929811477661132812,-197.00, 6.00,-1381.00
2.99439907073974609375,-186.00, 9.00,-1384.00
2.99593901634216308594,-198.00, 2.00,-1384.00
2.99770188331604003906,-202.00, 3.00,-1395.00
3.01234388351440429688,-195.00,-256.00,-1384.00
3.01382088661193847656,-200.00,-1.00,-1390.00
3.01519393920898437500,-200.00,-1.00,-1392.00
3.01695394515991210938,-206.00,-1.00,-1392.00
3.01844406127929687500,-190.00,-1.00,-1388.00
3.02646303176879882812,-190.00,253.00,-1386.00
3.02792000770568847656,-196.00,-256.00,-1392.00
3.03617501258850097656,-193.00,-2.00,-1380.00
3.03756499290466308594,-197.00, 2.00,-1380.00
3.03896403312683105469,-193.00, 6.00,-1395.00
3.04036188125610351562,-193.00, 6.00,-1386.00
3.04181694984436035156,-196.00,-2.00,-1386.00
3.04323697090148925781,-198.00, 1.00,-1385.00
3.04470992088317871094,-198.00, 1.00,-1390.00
3.05541205406188964844,-201.00,-1.00,-1390.00
3.05698800086975097656,-197.00,-1.00,-1386.00
3.06830692291259765625,-194.00, 7.00,-1385.00
3.07013201713562011719,-198.00,252.00,-1395.00
3.07691907882690429688,-200.00,-252.00,-1389.00
3.07832789421081542969,-193.00,-2.00,-1394.00
3.07969999313354492188,-200.00, 4.00,-1394.00
3.08118009567260742188,-198.00,-2.00,-1390.00
3.08959507942199707031,-198.00,254.00,-1391.00
3.10612511634826660156,-200.00,-1.00,-1388.00
3.10745811462402343750,-187.00,-1.00,-1388.00
3.10877299308776855469,-202.00, 4.00,-1393.00
3.11014008522033691406,-202.00,13.00,-1389.00
3.11150908470153808594,-188.00,13.00,-1389.00
3.11292409896850585938,-194.00,-2.00,-1400.00
3.11435794830322265625,-194.00, 6.00,-1390.00
3.11607408523559570312,-196.00, 6.00,-1392.00
3.11751890182495117188,-200.00,-3.00,-1392.00
3.12616610527038574219,-190.00, 2.00,-1389.00
3.13512706756591796875,-198.00,253.00,-1388.00