
0.00163483619689941406,-23.00,345.00,-1185.00
0.00376796722412109375,-74.00,652.00,-1480.00
0.00546097755432128906,-155.00,648.00,-1293.00
0.00803184509277343750,-37.00,615.00,-1212.00
0.00969386100769042969,-42.00,608.00,-1285.00
0.01129293441772460938,-102.00,649.00,-1384.00
0.01290893554687500000,-142.00,637.00,-1444.00
0.01468300819396972656,-54.00,629.00,-1423.00
0.01639389991760253906,-222.00,628.00,-1345.00
0.01808500289916992188,-49.00,617.00,-1375.00
0.01978397369384765625,-155.00,629.00,-1533.00
0.02148294448852539062,-166.00,592.00,-1305.00
0.02316880226135253906,27.00,628.00,-1391.00
0.02487802505493164062,-113.00,657.00,-1467.00
0.02657485008239746094,-31.00,607.00,-1369.00
0.02825284004211425781,-59.00,659.00,-1334.00
0.02995800971984863281,-236.00,584.00,-1329.00
0.03164482116699218750,-218.00,603.00,-1366.00
0.03333401679992675781,-31.00,625.00,-1370.00
0.03510499000549316406,-91.00,688.00,-1029.00
0.03679680824279785156,-109.00,589.00,-1350.00
0.03848600387573242188,-71.00,637.00,-1288.00
0.04017901420593261719,-256.00,583.00,-1378.00
0.04186701774597167969,-29.00,644.00,-1422.00
0.04355502128601074219,-115.00,632.00,-1460.00
0.04524087905883789062,-124.00,584.00,-1520.00
0.04692983627319335938,-80.00,597.00,-1375.00
0.04862093925476074219,-14.00,597.00,-1496.00
0.05030894279479980469,-79.00,622.00,-1489.00
0.05199790000915527344,-37.00,611.00,-1252.00
0.05375099182128906250,-11.00,613.00,-1427.00
0.05545592308044433594,-97.00,665.00,-1484.00
0.05715680122375488281,-47.00,606.00,-1364.00
0.05884790420532226562,-40.00,600.00,-1358.00
0.06052088737487792969,-34.00,637.00,-1344.00
0.06221079826354980469,-18.00,612.00,-1452.00
0.06391096115112304688,-82.00,616.00,-1418.00
0.06560897827148437500,-35.00,585.00,-1273.00
0.06730198860168457031,15.00,608.00,-1486.00
0.06899094581604003906,-110.00,680.00,-1273.00
0.07067680358886718750,-60.00,565.00,-1412.00
0.07236480712890625000,-142.00,629.00,-1459.00
0.07407689094543457031,-143.00,660.00,-1464.00
0.07577395439147949219,-62.00,597.00,-1467.00
0.07744288444519042969,-119.00,649.00,-1300.00
0.07912683486938476562, 5.00,596.00,-1455.00
0.08081483840942382812,-147.00,617.00,-1356.00
0.08249902725219726562,-146.00,637.00,-1316.00
0.08421897888183593750,-209.00,609.00,-1445.00
0.08591699600219726562,-31.00,596.00,-1411.00
0.08761000633239746094,-103.00,653.00,-1357.00
0.08930182456970214844,-17.00,591.00,-1436.00
0.09098792076110839844,-127.00,644.00,-1317.00
0.09268689155578613281,-122.00,612.00,-1399.00
0.09438300132751464844,-103.00,587.00,-1429.00
0.09608292579650878906,-117.00,571.00,-1316.00
0.09776592254638671875,-82.00,672.00,-1270.00
0.09945201873779296875,-15.00,649.00,-1356.00
0.10114192962646484375,-127.00,645.00,-1352.00
0.10285091400146484375,-59.00,612.00,-1336.00
0.10454201698303222656,-65.00,629.00,-1331.00
0.10699892044067382812,-102.00,641.00,-1505.00
0.10866880416870117188,-136.00,637.00,-1293.00
0.11026883125305175781,-23.00,597.00,-1447.00
0.11188387870788574219,-186.00,664.00,-1277.00
0.11374282836914062500,-111.00,613.00,-1232.00
0.11512994766235351562,-54.00,600.00,-1476.00
0.11624479293823242188,-160.00,612.00,-1213.00
0.11734795570373535156,-90.00,655.00,-1247.00
0.11845397949218750000,11.00,595.00,-1427.00
0.11955094337463378906,-186.00,604.00,-1462.00
0.12064886093139648438,-82.00,653.00,-1291.00
0.12174987792968750000,-5.00,612.00,-1524.00
0.12284398078918457031,-38.00,649.00,-1407.00
0.12399482727050781250,-66.00,643.00,-1325.00
0.12508988380432128906,-234.00,643.00,-1277.00
0.12618088722229003906,-150.00,635.00,-1305.00
0.12725996971130371094,-127.00,611.00,-1409.00
0.12833881378173828125,-187.00,640.00,-1192.00
0.12942600250244140625,-31.00,613.00,-1312.00
0.13051295280456542969,-83.00,609.00,-1272.00
0.13464379310607910156,-63.00,581.00,-1390.00
0.13578891754150390625,-113.00,648.00,-1118.00
0.13689184188842773438,-70.00,655.00,-1365.00
0.13799285888671875000,-122.00,644.00,-1268.00
0.13909792900085449219,-70.00,625.00,-1254.00
0.14019298553466796875,-62.00,620.00,-1475.00
0.14128494262695312500,-101.00,575.00,-1423.00
0.14238381385803222656,-54.00,636.00,-1272.00
0.14370989799499511719,-85.00,628.00,-1361.00
0.14483690261840820312,-133.00,619.00,-1411.00
0.14593386650085449219,-9.00,609.00,-1436.00
0.14703297615051269531,-131.00,615.00,-1300.00
0.14812779426574707031,-56.00,623.00,-1482.00
0.14921498298645019531, 0.00,593.00,-1407.00
0.15030479431152343750,-101.00,616.00,-1277.00
0.15139889717102050781,-33.00,684.00,-1163.00
0.15249991416931152344,-53.00,571.00,-1458.00
0.15359902381896972656,-56.00,665.00,-1260.00
0.15495300292968750000, 9.00,563.00,-1510.00
0.15607690811157226562,-82.00,631.00,-1418.00
0.15719294548034667969,-51.00,591.00,-1333.00
0.15828490257263183594,-246.00,623.00,-1379.00
0.15938997268676757812,-162.00,637.00,-1096.00
0.16048479080200195312,-37.00,600.00,-1388.00
0.16158699989318847656,-139.00,604.00,-1280.00
0.16269302368164062500,-156.00,640.00,-1315.00
0.16385102272033691406,-69.00,597.00,-1400.00
0.16495895385742187500,-29.00,625.00,-1300.00
0.16606283187866210938,-134.00,603.00,-1329.00
0.16716480255126953125,177.00,631.00,-1331.00
0.16826391220092773438,-74.00,627.00,-1436.00
0.16937088966369628906,-133.00,625.00,-1196.00
0.17046093940734863281,32.00,616.00,-1369.00
0.17155885696411132812,-131.00,633.00,-1222.00
0.17265701293945312500,-86.00,556.00,-1256.00
0.17379689216613769531,-11.00,617.00,-1366.00
0.17485380172729492188,-71.00,603.00,-1396.00
0.17590093612670898438,-139.00,653.00,-1164.00
0.17693901062011718750,12.00,615.00,-1338.00
0.17798280715942382812,-154.00,657.00,-1295.00
0.17902088165283203125,-110.00,628.00,-1216.00
0.18006396293640136719,-47.00,648.00,-1332.00
0.18110394477844238281,-175.00,643.00,-1100.00
0.18214297294616699219,-94.00,603.00,-1261.00
0.18318581581115722656,-76.00,643.00,-1356.00
0.18433499336242675781,-69.00,598.00,-1402.00
0.18543887138366699219,-23.00,688.00,-1460.00
0.18653798103332519531,-62.00,604.00,-1329.00
0.18763089179992675781,-66.00,664.00,-1304.00
0.18872284889221191406,-47.00,613.00,-1516.00
0.18981480598449707031,-56.00,625.00,-1431.00
0.19090795516967773438,-97.00,636.00,-1224.00
0.19199991226196289062,177.00,668.00,-1399.00
0.19309282302856445312,-90.00,607.00,-1263.00
0.19418883323669433594,-56.00,643.00,-1502.00
0.19529294967651367188,-14.00,616.00,-1216.00
0.19639301300048828125,-86.00,608.00,-1364.00
0.19748687744140625000,-53.00,655.00,-1412.00
0.19858193397521972656,-51.00,633.00,-1260.00
0.19967579841613769531,-7.00,567.00,-1443.00
0.20077180862426757812,-135.00,600.00,-1443.00
0.20186901092529296875,-122.00,648.00,-1212.00
0.20296692848205566406,-27.00,593.00,-1340.00
0.20406579971313476562,-143.00,657.00,-1517.00
0.20515489578247070312,11.00,576.00,-1324.00
0.21142601966857910156,-94.00,607.00,-1382.00
0.21256780624389648438,-87.00,644.00,-1352.00
0.21369981765747070312,-14.00,609.00,-1333.00
0.21479392051696777344,-114.00,629.00,-1349.00
0.21589088439941406250,-91.00,620.00,-1272.00
0.21697902679443359375,-138.00,686.00,-1414.00
0.21806788444519042969,-25.00,551.00,-1062.00
0.21915984153747558594,-69.00,668.00,-1388.00
0.22024989128112792969,-11.00,544.00,-1431.00
0.22576189041137695312,-30.00,583.00,-1347.00
0.22693586349487304688,-142.00,615.00,-1357.00
0.22802686691284179688,-21.00,616.00,-1278.00
0.22936797142028808594,-94.00,659.00,-1344.00
0.23048782348632812500,-25.00,636.00,-1285.00
0.23159480094909667969,-7.00,580.00,-1536.00
0.23269701004028320312,-58.00,637.00,-1304.00
0.23383998870849609375,-40.00,644.00,-1278.00
0.23489499092102050781,-83.00,553.00,-1484.00
0.23594284057617187500,-118.00,603.00,-1078.00
0.23698592185974121094,-1.00,573.00,-1470.00
0.23802685737609863281,-126.00,640.00,-1301.00
0.23906588554382324219,-37.00,640.00,-1500.00
0.24010992050170898438,-59.00,560.00,-1491.00
0.24115991592407226562,-72.00,585.00,-1400.00
0.24220800399780273438,-83.00,628.00,-1237.00
0.24324393272399902344,38.00,648.00,-1370.00
0.24437379837036132812,-60.00,624.00,-1356.00
0.24548387527465820312,-15.00,603.00,-1460.00
0.24658298492431640625,-80.00,597.00,-1507.00
0.24768495559692382812,-85.00,623.00,-1304.00
0.24878692626953125000,-25.00,596.00,-1305.00
0.24988293647766113281,-114.00,612.00,-1496.00
0.25118398666381835938, 6.00,644.00,-1329.00
0.25230097770690917969,-119.00,587.00,-1491.00
0.25340294837951660156,-135.00,629.00,-1324.00
0.25450992584228515625,-80.00,622.00,-1289.00
0.25555586814880371094, 3.00,660.00,-1489.00
0.25660490989685058594,-181.00,632.00,-1297.00
0.25765395164489746094,-69.00,624.00,-1289.00
0.25869989395141601562,-99.00,624.00,-1509.00
0.25974392890930175781,-126.00,609.00,-1235.00
0.26077890396118164062,-46.00,611.00,-1496.00
0.26181292533874511719,14.00,622.00,-1345.00
0.26299691200256347656,-93.00,587.00,-1366.00
0.26433396339416503906,-113.00,620.00,-1258.00
0.26544880867004394531,-152.00,660.00,-1265.00
0.26654982566833496094,-78.00,633.00,-1455.00
0.26763987541198730469,-113.00,696.00,-1215.00
0.26873588562011718750,-2.00,624.00,-1486.00
0.26983380317687988281,-51.00,597.00,-1238.00
0.27092790603637695312,-35.00,604.00,-1267.00
0.27202391624450683594,26.00,598.00,-1471.00
0.27312183380126953125,-122.00,660.00,-1366.00
0.27423286437988281250,-106.00,613.00,-1504.00
0.27532887458801269531,-51.00,595.00,-1472.00
0.27642488479614257812,-104.00,661.00,-1347.00
0.27750492095947265625,-14.00,607.00,-1341.00
0.27859687805175781250,-136.00,686.00,-1143.00
0.27969884872436523438,-60.00,563.00,-1325.00
0.28079581260681152344,-50.00,612.00,-1378.00
0.28189587593078613281,-170.00,619.00,-1069.00
0.28299093246459960938,-75.00,648.00,-1341.00
0.28414082527160644531,-78.00,609.00,-1443.00
0.28523993492126464844,-72.00,669.00,-1209.00
0.28634190559387207031,-17.00,631.00,-1409.00
0.28743886947631835938,-151.00,629.00,-1431.00
0.28853487968444824219,-49.00,649.00,-1223.00
0.28963494300842285156,-63.00,645.00,-1403.00
0.29072999954223632812,-111.00,684.00,-1055.00
0.29182982444763183594,-168.00,647.00,-1296.00
0.29292798042297363281,-218.00,607.00,-1354.00
0.29403495788574218750, 6.00,569.00,-1420.00
0.29513287544250488281,-103.00,624.00,-1345.00
0.29623198509216308594,-45.00,603.00,-1382.00
0.29732894897460937500,-26.00,600.00,-1268.00
0.29843282699584960938,-78.00,660.00,-1341.00
0.29952979087829589844,-109.00,629.00,-1300.00
0.30063199996948242188,-2.00,583.00,-1452.00
0.30172681808471679688,-78.00,628.00,-1440.00
0.30282402038574218750,-56.00,631.00,-1252.00
0.30392599105834960938,-22.00,657.00,-1309.00
0.30502080917358398438,-45.00,573.00,-1449.00
0.30671501159667968750,-89.00,584.00,-1472.00
0.30785894393920898438,-118.00,640.00,-1324.00
0.30896186828613281250,25.00,593.00,-1439.00
0.31005191802978515625,-56.00,620.00,-1221.00
0.31115293502807617188,-74.00,627.00,-1372.00
0.31225395202636718750,-130.00,553.00,-1500.00
0.31334996223449707031,-71.00,611.00,-1364.00
0.31450700759887695312,-122.00,635.00,-1332.00
0.31561398506164550781,-14.00,564.00,-1379.00
0.31671094894409179688,-158.00,624.00,-1347.00
0.31780791282653808594,-33.00,609.00,-1459.00
0.31890392303466796875,-51.00,660.00,-1217.00
0.32000279426574707031,-83.00,668.00,-1287.00
0.32110095024108886719,-43.00,583.00,-1308.00
0.32219481468200683594,-140.00,665.00,-1272.00
0.32328987121582031250,-70.00,585.00,-1315.00
0.32438898086547851562,-69.00,579.00,-1459.00
0.32548594474792480469,-53.00,600.00,-1208.00
0.32657980918884277344,-90.00,641.00,-1425.00
0.32766199111938476562,-120.00,622.00,-1440.00
0.32876801490783691406,-89.00,702.00,-1248.00
0.32986497879028320312,-5.00,593.00,-1422.00
0.33096599578857421875,-140.00,613.00,-1500.00
0.33206391334533691406,-14.00,620.00,-1254.00
0.33316898345947265625,-30.00,629.00,-1369.00
0.33431196212768554688,-134.00,696.00,-1276.00
0.33541798591613769531,-53.00,577.00,-1525.00
0.33651280403137207031,-85.00,653.00,-1360.00
0.33761000633239746094,-139.00,613.00,-1407.00
0.33870482444763183594, 6.00,572.00,-1454.00
0.33979701995849609375,-110.00,659.00,-1274.00
0.34089589118957519531,-80.00,607.00,-1483.00
0.34199285507202148438,-13.00,640.00,-1329.00
0.34308695793151855469,-75.00,623.00,-1533.00
0.34418582916259765625,-56.00,624.00,-1404.00
0.34528279304504394531,-118.00,639.00,-1434.00
0.34637999534606933594,-80.00,672.00,-1291.00
0.34747099876403808594,-22.00,576.00,-1322.00
0.34876990318298339844,-95.00,644.00,-1466.00
0.34988379478454589844,-18.00,584.00,-1325.00
0.35098791122436523438,-38.00,695.00,-1272.00
0.35208892822265625000,-140.00,620.00,-1039.00
0.35318589210510253906,-29.00,595.00,-1406.00
0.35432291030883789062,-101.00,645.00,-1233.00
0.35559892654418945312,-25.00,637.00,-1204.00
0.35670495033264160156,-79.00,624.00,-1418.00
0.35780692100524902344,-102.00,624.00,-1493.00
0.35890483856201171875,-42.00,661.00,-1454.00
0.35999989509582519531,-56.00,607.00,-1296.00
0.36108398437500000000,-18.00,619.00,-1345.00
0.36217284202575683594,-131.00,593.00,-1468.00
0.36328101158142089844,-7.00,648.00,-1392.00
0.36438989639282226562,-104.00,656.00,-1292.00
0.36549186706542968750,-94.00,640.00,-1452.00
0.36658787727355957031,-45.00,581.00,-1370.00
0.36768293380737304688,-93.00,655.00,-1261.00
0.36877298355102539062,-91.00,588.00,-1470.00
0.36987781524658203125,-55.00,681.00,-1062.00
0.37097382545471191406,-29.00,619.00,-1399.00
0.37206888198852539062,-119.00,643.00,-1248.00
0.37316584587097167969,-118.00,612.00,-1348.00
0.37431192398071289062,-86.00,645.00,-1456.00
0.37573194503784179688,-130.00,636.00,-1288.00
0.37683892250061035156, 7.00,604.00,-1341.00
0.37793588638305664062,-106.00,681.00,-1344.00
0.37903189659118652344,-152.00,628.00,-1390.00
0.38012790679931640625,-40.00,637.00,-1435.00
0.38122200965881347656,-67.00,672.00,-1313.00
0.38232302665710449219,-75.00,591.00,-1496.00
0.38342094421386718750,-42.00,575.00,-1419.00
0.38458085060119628906,-62.00,633.00,-1076.00
0.38567900657653808594,14.00,604.00,-1407.00
0.38677883148193359375,-194.00,629.00,-1424.00
0.38787579536437988281,-54.00,659.00,-1325.00
0.38897180557250976562,-114.00,620.00,-1498.00
0.39007091522216796875,-131.00,664.00,-1205.00
0.39116287231445312500,-42.00,624.00,-1375.00
0.39225888252258300781,-103.00,657.00,-1232.00
0.39334583282470703125,-62.00,604.00,-1260.00
0.39449191093444824219,-25.00,613.00,-1449.00
0.39559483528137207031,-136.00,629.00,-1293.00
0.39669489860534667969,-138.00,631.00,-1080.00
0.39779281616210937500,-13.00,619.00,-1438.00
0.39889097213745117188,-158.00,668.00,-1227.00
0.39999198913574218750,136.00,603.00,-1458.00
0.40108489990234375000,-94.00,625.00,-1309.00
0.40218496322631835938,19.00,635.00,-1424.00
0.40327787399291992188,-69.00,564.00,-1412.00
0.40438199043273925781,-146.00,595.00,-1529.00
0.40547394752502441406,-5.00,607.00,-1257.00
0.40728688240051269531,-138.00,643.00,-1394.00
0.40840983390808105469,117.00,641.00,-1248.00
0.40951395034790039062,-58.00,637.00,-1511.00
0.41060495376586914062,-86.00,598.00,-1176.00
0.41171598434448242188,-76.00,602.00,-1419.00
0.41281080245971679688,-133.00,645.00,-1311.00
0.41392683982849121094, 3.00,592.00,-1308.00
0.41504096984863281250,32.00,625.00,-1448.00
0.41614389419555664062,-69.00,667.00,-1229.00
0.41746091842651367188,-138.00,649.00,-1431.00
0.41857981681823730469,-54.00,576.00,-1399.00
0.41966700553894042969,-103.00,635.00,-1031.00
0.42224788665771484375,-13.00,604.00,-1092.00
0.42341089248657226562,-90.00,569.00,-1348.00
0.42453789710998535156,-63.00,556.00,-1440.00
0.42559385299682617188,-80.00,640.00,-1378.00
0.42664384841918945312,-94.00,648.00,-1243.00
0.42768001556396484375,-70.00,604.00,-1483.00
0.42873096466064453125,-27.00,577.00,-1292.00
0.42977786064147949219,-114.00,617.00,-1289.00
0.43082189559936523438,-146.00,580.00,-1441.00
0.43186593055725097656,-93.00,627.00,-1276.00
0.43290901184082031250,-45.00,612.00,-1425.00
0.43406391143798828125,-156.00,585.00,-1495.00
0.43517684936523437500,-103.00,659.00,-1243.00
0.43628191947937011719,-33.00,592.00,-1420.00
0.43738794326782226562,-69.00,632.00,-1471.00
0.43848395347595214844,-106.00,635.00,-1260.00
0.43957781791687011719,-236.00,622.00,-1370.00
0.44068384170532226562,-167.00,622.00,-1163.00
0.44178700447082519531,-87.00,647.00,-1315.00
0.44288182258605957031,-13.00,555.00,-1383.00
0.44396281242370605469,-111.00,647.00,-1386.00
0.44501090049743652344,-99.00,656.00,-1252.00
0.44606280326843261719,-25.00,620.00,-1383.00
0.44710087776184082031,-53.00,588.00,-1362.00
0.44813990592956542969,-174.00,624.00,-1349.00
0.44938302040100097656,-18.00,644.00,-1216.00
0.45043802261352539062,-39.00,606.00,-1463.00
0.45148992538452148438,-75.00,639.00,-1253.00
0.45253682136535644531,-33.00,632.00,-1269.00
0.45371389389038085938,-67.00,606.00,-1460.00
0.45483994483947753906,-155.00,645.00,-1491.00
0.45594286918640136719,-117.00,672.00,-1304.00
0.45705699920654296875,-43.00,640.00,-1225.00
0.45815587043762207031,-233.00,617.00,-1493.00
0.45926094055175781250,-90.00,659.00,-1142.00
0.46034789085388183594,-79.00,633.00,-1344.00
0.46144485473632812500,-72.00,583.00,-1447.00
0.46254396438598632812,-58.00,629.00,-1353.00
0.46366381645202636719,-33.00,632.00,-1510.00
0.46476697921752929688,-5.00,613.00,-1444.00
0.46586799621582031250,-43.00,627.00,-1376.00
0.46696591377258300781,-129.00,661.00,-1075.00
0.46806097030639648438,-119.00,637.00,-1237.00
0.46915602684020996094,12.00,632.00,-1300.00
0.47025895118713378906,-87.00,665.00,-1348.00
0.47135186195373535156,-156.00,653.00,-1530.00
0.47245287895202636719,-56.00,591.00,-1425.00
0.47355985641479492188,-86.00,678.00,-1228.00
0.47466087341308593750,-67.00,606.00,-1440.00
0.47576189041137695312,-39.00,607.00,-1352.00
0.47684597969055175781,-72.00,657.00,-1257.00
0.47793579101562500000,216.00,612.00,-1404.00
0.47903180122375488281,-87.00,603.00,-1388.00
0.48012995719909667969,-1.00,662.00,-1240.00
0.48123383522033691406,-118.00,598.00,-1458.00
0.48233294486999511719,-118.00,639.00,-1260.00
0.48343086242675781250,-31.00,588.00,-1495.00
0.48458695411682128906,-186.00,589.00,-1309.00
0.48569202423095703125,-60.00,652.00,-1333.00
0.48679184913635253906,-241.00,607.00,-1462.00
0.48788380622863769531,-113.00,617.00,-1097.00
0.48898196220397949219,-98.00,665.00,-1371.00
0.49007701873779296875,-10.00,628.00,-1333.00
0.49117183685302734375,-138.00,620.00,-1086.00
0.49227690696716308594,-87.00,625.00,-1406.00
0.49336695671081542969,-147.00,655.00,-1261.00
0.49450588226318359375,-139.00,675.00,-1238.00
0.49560999870300292969,-21.00,593.00,-1419.00
0.49670886993408203125,-45.00,643.00,-1488.00
0.49780893325805664062,-134.00,631.00,-1328.00
0.49891400337219238281,-3.00,592.00,-1407.00
0.50001287460327148438,-47.00,603.00,-1462.00
0.50111985206604003906,-99.00,632.00,-1295.00
0.50221395492553710938,247.00,589.00,-1360.00
0.50330591201782226562,-7.00,636.00,-1407.00
0.50440192222595214844,-104.00,661.00,-1283.00
0.50550293922424316406,-34.00,606.00,-1440.00
0.50729489326477050781,-242.00,661.00,-1342.00
0.50843381881713867188,-118.00,656.00,-1064.00
0.50954580307006835938,-51.00,622.00,-1415.00
0.51065587997436523438,-94.00,623.00,-1225.00
0.51176595687866210938,-106.00,675.00,-1325.00
0.51286387443542480469,-49.00,595.00,-1361.00
0.51398897171020507812,-70.00,593.00,-1261.00
0.51508879661560058594,-2.00,579.00,-1479.00
0.51628088951110839844,-122.00,588.00,-1391.00
0.51739382743835449219,-69.00,659.00,-1348.00
0.51849889755249023438,-10.00,624.00,-1322.00
0.51959681510925292969,-49.00,643.00,-1369.00
0.52070188522338867188,-106.00,606.00,-1383.00
0.52179384231567382812,-45.00,603.00,-1443.00
0.52289986610412597656,-124.00,687.00,-1249.00
0.52401781082153320312,-66.00,639.00,-1468.00
0.52512192726135253906,-34.00,628.00,-1268.00
0.52622890472412109375,-94.00,631.00,-1278.00
0.52732586860656738281,-14.00,624.00,-1361.00
0.52842783927917480469,-103.00,600.00,-1428.00
0.52952980995178222656,-99.00,643.00,-1357.00
0.53062987327575683594,-21.00,587.00,-1256.00
0.53172898292541503906,-67.00,602.00,-1409.00
0.53282594680786132812,-71.00,624.00,-1338.00
0.53399300575256347656,-22.00,648.00,-1287.00
0.53510594367980957031,-149.00,604.00,-1496.00
0.53620600700378417969,-80.00,620.00,-1416.00
0.53730487823486328125,-197.00,629.00,-1207.00
0.53840088844299316406,-83.00,653.00,-1334.00
0.53950381278991699219,-38.00,579.00,-1383.00
0.54060101509094238281,-104.00,677.00,-1229.00
0.54170298576354980469,191.00,608.00,-1445.00
0.54280900955200195312,-89.00,620.00,-1349.00
0.54389595985412597656,-7.00,619.00,-1264.00
0.54499697685241699219,-120.00,588.00,-1436.00
0.54610490798950195312,-89.00,664.00,-1337.00
0.54740095138549804688,-233.00,600.00,-1427.00
0.54851388931274414062,-21.00,591.00,-1466.00
0.54961490631103515625,-117.00,609.00,-1328.00
0.55071496963500976562,-82.00,623.00,-1546.00
0.55181980133056640625,-22.00,636.00,-1152.00
0.55292582511901855469,-85.00,639.00,-1354.00
0.55404090881347656250,-97.00,563.00,-1432.00
0.55514693260192871094,-97.00,648.00,-1238.00
0.55624485015869140625,-58.00,588.00,-1357.00
0.55734300613403320312,-65.00,585.00,-1529.00
0.55844283103942871094,-120.00,640.00,-1428.00
0.55954694747924804688,-159.00,644.00,-1369.00
0.56063985824584960938,14.00,581.00,-1341.00
0.56174492835998535156,-151.00,662.00,-1399.00
0.56284594535827636719,-103.00,593.00,-1409.00
0.56400489807128906250,-15.00,625.00,-1223.00
0.56510591506958007812,-133.00,637.00,-1313.00
0.56620192527770996094,-50.00,622.00,-1408.00
0.56729793548583984375,-130.00,668.00,-1315.00
0.56839394569396972656,-131.00,668.00,-1272.00
0.56949281692504882812,-27.00,613.00,-1347.00
0.57059192657470703125,-72.00,573.00,-1464.00
0.57168388366699218750,-133.00,649.00,-1340.00
0.57278895378112792969,-27.00,608.00,-1344.00
0.57389688491821289062,-151.00,637.00,-1464.00
0.57498693466186523438,-94.00,635.00,-1342.00
0.57626700401306152344,-78.00,681.00,-1265.00
0.57737302780151367188,-166.00,657.00,-1277.00
0.57847189903259277344, 0.00,579.00,-1316.00
0.57957291603088378906,-118.00,629.00,-1455.00
0.58066391944885253906,-106.00,653.00,-1185.00
0.58177089691162109375,-49.00,622.00,-1391.00
0.58288097381591796875,-95.00,632.00,-1216.00
0.58397293090820312500,-1.00,676.00,-1399.00
0.58501791954040527344,-53.00,631.00,-1325.00
0.58606791496276855469,-34.00,652.00,-1297.00
0.58710479736328125000,-29.00,606.00,-1476.00
0.58814501762390136719,-85.00,645.00,-1360.00
0.58918690681457519531,-47.00,684.00,-1203.00
0.59022998809814453125,-107.00,606.00,-1366.00
0.59127497673034667969,-91.00,624.00,-1308.00
0.59231781959533691406,15.00,707.00,-1322.00
0.59335780143737792969,-63.00,632.00,-1398.00
0.59465289115905761719,-75.00,627.00,-1325.00
0.59603786468505859375,-29.00,631.00,-1308.00
0.59715700149536132812,-135.00,629.00,-1309.00
0.59825396537780761719,-53.00,627.00,-1452.00
0.59934401512145996094,-93.00,651.00,-1223.00
0.60043787956237792969,-111.00,651.00,-1248.00
0.60152697563171386719,-47.00,584.00,-1376.00
0.60262298583984375000,-155.00,593.00,-1414.00
0.60373497009277343750,-43.00,635.00,-1220.00
0.60482597351074218750,-65.00,603.00,-1379.00
0.60652899742126464844,-154.00,615.00,-1327.00
0.60766100883483886719,-19.00,593.00,-1532.00
0.60876083374023437500,-79.00,589.00,-1436.00
0.60986089706420898438,-85.00,620.00,-1215.00
0.61095786094665527344,-17.00,602.00,-1256.00
0.61205983161926269531,-30.00,612.00,-1436.00
0.61315083503723144531,-114.00,593.00,-1357.00
0.61426281929016113281,-18.00,585.00,-1386.00
0.61537289619445800781,-126.00,629.00,-1388.00
0.61647295951843261719,-59.00,622.00,-1384.00
0.61757302284240722656, 6.00,575.00,-1440.00
0.61867594718933105469,-114.00,622.00,-1428.00
0.61977100372314453125,-142.00,647.00,-1227.00
0.62086987495422363281,-140.00,661.00,-1245.00
0.62196683883666992188,-65.00,628.00,-1390.00
0.62306499481201171875,-149.00,660.00,-1243.00
0.62417793273925781250,15.00,656.00,-1380.00
0.62528181076049804688,-93.00,635.00,-1383.00
0.62638401985168457031,-40.00,639.00,-1492.00
0.62747097015380859375,-99.00,611.00,-1443.00
0.62857079505920410156,-91.00,633.00,-1289.00
0.62966990470886230469,-7.00,585.00,-1449.00
0.63076591491699218750,-135.00,667.00,-1423.00
0.63186287879943847656,-54.00,606.00,-1324.00
0.63296580314636230469,-72.00,655.00,-1327.00
0.63406896591186523438,-86.00,604.00,-1530.00
0.63517284393310546875,-49.00,639.00,-1384.00
0.63628101348876953125,-104.00,647.00,-1235.00
0.63737487792968750000,-33.00,612.00,-1523.00
0.63847589492797851562,-55.00,615.00,-1372.00
0.63956999778747558594,-119.00,625.00,-1267.00
0.64066982269287109375,-76.00,641.00,-1215.00
0.64176583290100097656,-37.00,615.00,-1478.00
0.64287185668945312500,-130.00,624.00,-1184.00
0.64397883415222167969,-5.00,639.00,-1460.00
0.64507794380187988281,-91.00,627.00,-1318.00
0.64639496803283691406,-10.00,576.00,-1341.00
0.64750790596008300781,-119.00,649.00,-1108.00
0.64860892295837402344,-34.00,624.00,-1308.00
0.64970493316650390625,-94.00,592.00,-1496.00
0.65080785751342773438,-71.00,632.00,-1307.00
0.65190792083740234375,-78.00,588.00,-1035.00
0.65300893783569335938,-35.00,559.00,-1463.00
0.65416479110717773438,-56.00,623.00,-1264.00
0.65526294708251953125,230.00,612.00,-1380.00
0.65637183189392089844,-159.00,641.00,-1488.00
0.65746998786926269531,-134.00,624.00,-1216.00
0.65857291221618652344,-47.00,620.00,-1395.00
0.65968179702758789062,-115.00,675.00,-1458.00
0.66076183319091796875,-69.00,553.00,-1253.00
0.66186189651489257812,-78.00,627.00,-1423.00
0.66295695304870605469,-154.00,603.00,-1237.00
0.66406989097595214844,-107.00,603.00,-1284.00
0.66517281532287597656,-69.00,622.00,-1293.00
0.66627001762390136719,-37.00,656.00,-1329.00
0.66737198829650878906,-25.00,607.00,-1291.00
0.66847491264343261719,-91.00,624.00,-1307.00
0.66957283020019531250,-85.00,606.00,-1464.00
0.67067480087280273438,-72.00,671.00,-1232.00
0.67177081108093261719,-17.00,632.00,-1337.00
0.67286682128906250000,-104.00,625.00,-1318.00
0.67395401000976562500,42.00,662.00,-1429.00
0.67499589920043945312,-123.00,602.00,-1327.00
0.67604589462280273438,-13.00,617.00,-1466.00
0.67708897590637207031,-118.00,589.00,-1247.00
0.67813396453857421875,-46.00,619.00,-1427.00
0.67917895317077636719,-144.00,598.00,-1408.00
0.68021702766418457031,-58.00,644.00,-1212.00
0.68125891685485839844,-76.00,616.00,-1489.00
0.68230390548706054688,-115.00,636.00,-1320.00
0.68334102630615234375,-54.00,637.00,-1289.00
0.68450379371643066406,-101.00,656.00,-1411.00
0.68560791015625000000,-11.00,585.00,-1265.00
0.68671083450317382812,-129.00,645.00,-1311.00
0.68780994415283203125,-35.00,608.00,-1338.00
0.68890190124511718750,-110.00,629.00,-1460.00
0.68998694419860839844,18.00,635.00,-1418.00
0.69107985496520996094,-93.00,583.00,-1311.00
0.69217181205749511719,-9.00,603.00,-1494.00
0.69327497482299804688,-22.00,628.00,-1420.00
0.69436979293823242188,-86.00,661.00,-1349.00
0.69547295570373535156,-249.00,572.00,-1455.00
0.69656491279602050781,-143.00,664.00,-1148.00
0.69765996932983398438,-110.00,633.00,-1404.00
0.69876480102539062500,-86.00,672.00,-1236.00
0.69985890388488769531,-101.00,625.00,-1320.00
0.70094895362854003906,-62.00,617.00,-1409.00
0.70204401016235351562,-133.00,664.00,-1260.00
0.70314192771911621094,-130.00,589.00,-1466.00
0.70424389839172363281,-111.00,635.00,-1274.00
0.70603799819946289062,-15.00,592.00,-1449.00
0.70718193054199218750,-43.00,593.00,-1380.00
0.70827984809875488281,-45.00,687.00,-1248.00
0.70939087867736816406,-76.00,589.00,-1293.00
0.71049284934997558594,-98.00,573.00,-1443.00
0.71159291267395019531,-93.00,629.00,-1211.00
0.71269083023071289062,-87.00,635.00,-1322.00
0.71384692192077636719,-70.00,619.00,-1434.00
0.71494579315185546875,28.00,622.00,-1247.00
0.71603798866271972656,-49.00,597.00,-1418.00
0.71714687347412109375,-155.00,581.00,-1349.00
0.71823883056640625000,-15.00,647.00,-1198.00
0.71933484077453613281,-143.00,656.00,-1243.00
0.72042989730834960938,-253.00,604.00,-1418.00
0.72152686119079589844,-9.00,611.00,-1199.00
0.72263002395629882812,-134.00,648.00,-1254.00
0.72373700141906738281,-50.00,569.00,-1354.00
0.72483801841735839844,-138.00,640.00,-1327.00
0.72593593597412109375, 0.00,593.00,-1338.00
0.72701597213745117188,-89.00,624.00,-1415.00
0.72812080383300781250,-120.00,597.00,-1236.00
0.72922587394714355469,-123.00,623.00,-1543.00
0.73032093048095703125,-80.00,615.00,-1517.00
0.73141598701477050781,-31.00,652.00,-1261.00
0.73250985145568847656,-31.00,568.00,-1473.00
0.73365783691406250000,-94.00,637.00,-1345.00
0.73476600646972656250,-22.00,623.00,-1245.00
0.73586082458496093750,-144.00,649.00,-1447.00
0.73695492744445800781,-51.00,609.00,-1386.00
0.73804879188537597656,-126.00,647.00,-1536.00
0.73913979530334472656,16.00,640.00,-1431.00
0.74024081230163574219,-154.00,603.00,-1360.00
0.74134182929992675781,-23.00,648.00,-1424.00
0.74243879318237304688,-26.00,612.00,-1202.00
0.74373102188110351562,-90.00,681.00,-1370.00
0.74484181404113769531,-63.00,593.00,-1364.00
0.74595093727111816406,-109.00,649.00,-1249.00
0.74705386161804199219,-67.00,580.00,-1364.00
0.74814987182617187500,-101.00,637.00,-1307.00
0.74924302101135253906,-18.00,649.00,-1458.00
0.75033879280090332031,-71.00,584.00,-1320.00
0.75143194198608398438,-39.00,613.00,-1508.00
0.75253891944885253906,-101.00,568.00,-1498.00
0.75364899635314941406,-158.00,633.00,-1302.00
0.75474381446838378906,-22.00,629.00,-1317.00
0.75583600997924804688,-131.00,651.00,-1322.00
0.75692701339721679688,-3.00,619.00,-1305.00
0.75802302360534667969,-103.00,678.00,-1349.00
0.75912785530090332031,-31.00,573.00,-1297.00
0.76020598411560058594,-138.00,699.00,-1407.00
0.76130485534667968750,-59.00,659.00,-1329.00
0.76240801811218261719,-9.00,598.00,-1396.00
0.76352095603942871094,-130.00,636.00,-1116.00
0.76461887359619140625,-86.00,576.00,-1396.00
0.76571488380432128906,-69.00,660.00,-1194.00
0.76680898666381835938,-131.00,600.00,-1513.00
0.76789999008178710938,-47.00,627.00,-1292.00
0.76898789405822753906,-123.00,631.00,-1435.00
0.77008390426635742188,-115.00,637.00,-1228.00
0.77118182182312011719,-71.00,602.00,-1399.00
0.77227997779846191406,-94.00,598.00,-1232.00
0.77336788177490234375,-123.00,667.00,-1269.00
0.77463793754577636719,-6.00,644.00,-1424.00
0.77575182914733886719,-130.00,600.00,-1517.00
0.77683782577514648438,12.00,619.00,-1479.00
0.77792501449584960938,-149.00,659.00,-1318.00
0.77901792526245117188,-253.00,589.00,-1391.00
0.78010988235473632812,-190.00,662.00,-1188.00
0.78121089935302734375,-67.00,668.00,-1292.00
0.78230690956115722656,-58.00,583.00,-1340.00
0.78340983390808105469,-113.00,631.00,-1199.00
0.78456282615661621094,-65.00,607.00,-1325.00
0.78566002845764160156,-85.00,633.00,-1289.00
0.78676080703735351562,-140.00,661.00,-1388.00
0.78786087036132812500,-17.00,624.00,-1390.00
0.78895187377929687500,-55.00,623.00,-1322.00
0.79005193710327148438,-162.00,613.00,-1416.00
0.79114580154418945312,-91.00,655.00,-1264.00
0.79223895072937011719,-70.00,611.00,-1525.00
0.79333686828613281250,-123.00,595.00,-1258.00
0.79446983337402343750,-49.00,639.00,-1288.00
0.79556488990783691406,-251.00,625.00,-1374.00
0.79682302474975585938,-156.00,653.00,-1449.00
0.79792881011962890625,-21.00,629.00,-1395.00
0.79903292655944824219,-129.00,641.00,-1304.00
0.80012679100036621094,-216.00,587.00,-1466.00
0.80121588706970214844,-89.00,628.00,-1136.00
0.80230498313903808594,-97.00,637.00,-1270.00
0.80340099334716796875,-17.00,595.00,-1451.00
0.80455279350280761719,-25.00,575.00,-1440.00
0.80564689636230468750,-37.00,613.00,-1491.00
0.80742001533508300781,-60.00,653.00,-1284.00
0.80870985984802246094,-72.00,588.00,-1454.00
0.80982995033264160156,-139.00,655.00,-1180.00
0.81091499328613281250,-124.00,617.00,-1408.00
0.81200480461120605469,-109.00,660.00,-1391.00
0.81305193901062011719,-123.00,656.00,-1236.00
0.81425094604492187500,-37.00,609.00,-1340.00
0.81534886360168457031,-94.00,644.00,-1251.00
0.81668496131896972656,-99.00,623.00,-1493.00
0.81780290603637695312,-3.00,608.00,-1109.00
0.81889700889587402344,-86.00,636.00,-1411.00
0.81998896598815917969,-106.00,620.00,-1204.00
0.82108283042907714844,-147.00,681.00,-1370.00
0.82218098640441894531,-55.00,609.00,-1425.00
0.82327580451965332031,-131.00,653.00,-1336.00
0.82439184188842773438,-56.00,620.00,-1201.00
0.82549190521240234375,-19.00,636.00,-1454.00
0.82657980918884277344,-134.00,637.00,-1427.00
0.82766580581665039062,-63.00,656.00,-1312.00
0.82876992225646972656,-13.00,648.00,-1420.00
0.82987284660339355469,-173.00,664.00,-1524.00
0.83096981048583984375,-49.00,620.00,-1387.00
0.83206081390380859375,-143.00,652.00,-1268.00
0.83315801620483398438,-82.00,583.00,-1492.00
0.83427000045776367188,-18.00,627.00,-1353.00
0.83537387847900390625,-62.00,668.00,-1297.00
0.83647179603576660156,-14.00,593.00,-1451.00
0.83756589889526367188,-76.00,651.00,-1109.00
0.83866095542907714844,-21.00,563.00,-1404.00
0.83975195884704589844,-146.00,655.00,-1224.00
0.84085202217102050781,-95.00,613.00,-1438.00
0.84194898605346679688,-117.00,655.00,-1317.00
0.84323596954345703125,-43.00,591.00,-1487.00
0.84434294700622558594,-47.00,629.00,-1445.00
0.84543490409851074219,-97.00,647.00,-1356.00
0.84652686119079589844,-49.00,600.00,-1497.00
0.84762883186340332031,-17.00,609.00,-1404.00
0.84872484207153320312,-89.00,612.00,-1322.00
0.84981989860534667969,-2.00,636.00,-1302.00
0.85091495513916015625,-143.00,655.00,-1285.00
0.85201501846313476562,-63.00,598.00,-1431.00
0.85311985015869140625,-150.00,684.00,-1245.00
0.85423088073730468750,-104.00,615.00,-1264.00
0.85533094406127929688,-11.00,577.00,-1386.00
0.85643482208251953125,-147.00,625.00,-1301.00
0.85752892494201660156,-143.00,672.00,-1292.00
0.85862994194030761719,-110.00,620.00,-1524.00
0.85972380638122558594,-78.00,664.00,-1220.00
0.86081290245056152344,-30.00,575.00,-1371.00
0.86190485954284667969,-99.00,655.00,-1322.00
0.86300802230834960938,-86.00,616.00,-1427.00
0.86416482925415039062,26.00,635.00,-1349.00
0.86527490615844726562,-80.00,606.00,-1357.00
0.86637783050537109375,-154.00,676.00,-1225.00
0.86747479438781738281,-94.00,645.00,-1320.00
0.86857199668884277344,-139.00,589.00,-1406.00
0.86968183517456054688,-150.00,688.00,-1249.00
0.87077879905700683594,-91.00,623.00,-1404.00
0.87187886238098144531,-80.00,620.00,-1236.00
0.87297892570495605469,-23.00,609.00,-1256.00
0.87408781051635742188,-23.00,560.00,-1434.00
0.87519288063049316406,-140.00,631.00,-1153.00
0.87630581855773925781,-122.00,636.00,-1208.00
0.87739086151123046875,-19.00,625.00,-1391.00
0.87848782539367675781,-106.00,656.00,-1276.00
0.87958598136901855469,-98.00,631.00,-1253.00
0.88068294525146484375,-46.00,609.00,-1340.00
0.88178682327270507812,-133.00,580.00,-1440.00
0.88288402557373046875,-9.00,597.00,-1392.00
0.88399386405944824219,-95.00,660.00,-1305.00
0.88509583473205566406,-135.00,583.00,-1458.00
0.88619279861450195312,-130.00,631.00,-1134.00
0.88729500770568847656,-74.00,639.00,-1409.00
0.88839197158813476562,-102.00,611.00,-1219.00
0.88948702812194824219,-14.00,637.00,-1547.00
0.89058780670166015625,-65.00,667.00,-1033.00
0.89168000221252441406, 0.00,644.00,-1503.00
0.89277601242065429688,-106.00,633.00,-1236.00
0.89386582374572753906,-65.00,624.00,-1331.00
0.89496779441833496094,-75.00,649.00,-1463.00
0.89606380462646484375,-126.00,603.00,-1205.00
0.89715981483459472656,-43.00,625.00,-1347.00
0.89825987815856933594,-163.00,625.00,-1277.00
0.89935088157653808594,-118.00,647.00,-1194.00
0.90045690536499023438,-19.00,622.00,-1400.00
0.90154886245727539062,-130.00,659.00,-1392.00
0.90265202522277832031,-7.00,603.00,-1200.00
0.90375494956970214844,-127.00,655.00,-1307.00
0.90486001968383789062,-55.00,580.00,-1347.00
0.90665793418884277344,-131.00,668.00,-1304.00
0.90779495239257812500, 5.00,619.00,-1456.00
0.90890288352966308594,-131.00,633.00,-1261.00
0.91000699996948242188,-50.00,597.00,-1400.00
0.91109895706176757812,-184.00,656.00,-1434.00
0.91220283508300781250,-11.00,635.00,-1423.00
0.91330289840698242188,-95.00,655.00,-1376.00
0.91440892219543457031,-147.00,593.00,-1480.00
0.91551899909973144531,-72.00,667.00,-1224.00
0.91661691665649414062,-80.00,623.00,-1336.00
0.91772484779357910156,-90.00,587.00,-1447.00
0.91883087158203125000,-97.00,676.00,-1263.00
0.91992497444152832031,-103.00,589.00,-1380.00
0.92102479934692382812,-19.00,583.00,-1291.00
0.92212581634521484375,-117.00,623.00,-1407.00
0.92322397232055664062,-65.00,620.00,-1284.00
0.92429399490356445312,-13.00,609.00,-1455.00
0.92533779144287109375,-138.00,607.00,-1423.00
0.92637896537780761719,-75.00,613.00,-1257.00
0.92740702629089355469,-51.00,561.00,-1376.00
0.92845201492309570312,-129.00,620.00,-1357.00
0.92950487136840820312,-45.00,607.00,-1349.00
0.93054580688476562500,-102.00,678.00,-1447.00
0.93158483505249023438,-118.00,640.00,-1273.00
0.93262791633605957031,-65.00,609.00,-1479.00
0.93370294570922851562,-175.00,611.00,-1350.00
0.93481183052062988281,-43.00,625.00,-1356.00
0.93591284751892089844,-11.00,561.00,-1354.00
0.93700885772705078125,-139.00,659.00,-1151.00
0.93810391426086425781,-42.00,637.00,-1305.00
0.93919992446899414062,-6.00,681.00,-1296.00
0.94048595428466796875,123.00,593.00,-1473.00
0.94159483909606933594,-72.00,575.00,-1408.00
0.94269680976867675781,-80.00,639.00,-1219.00
0.94384479522705078125,-126.00,583.00,-1544.00
0.94494199752807617188,-86.00,612.00,-1394.00
0.94604802131652832031,-111.00,603.00,-1485.00
0.94714379310607910156, 7.00,613.00,-1311.00
0.94823694229125976562,-103.00,640.00,-1364.00
0.94933581352233886719,-69.00,632.00,-1376.00
0.95043087005615234375,-13.00,603.00,-1249.00
0.95152997970581054688,-97.00,649.00,-1338.00
0.95263195037841796875,-256.00,623.00,-1431.00
0.95372891426086425781,-109.00,678.00,-1150.00
0.95483088493347167969,-60.00,629.00,-1283.00
0.95593094825744628906,-113.00,569.00,-1491.00
0.95702886581420898438,-76.00,620.00,-1254.00
0.95812797546386718750,-45.00,625.00,-1032.00
0.95922899246215820312,26.00,598.00,-1491.00
0.96032381057739257812,-200.00,648.00,-1284.00
0.96142196655273437500,219.00,637.00,-1366.00
0.96251988410949707031,-119.00,660.00,-1476.00
0.96366286277770996094,-69.00,606.00,-1199.00
0.96476602554321289062,-21.00,608.00,-1357.00
0.96587085723876953125,-101.00,673.00,-1283.00
0.96696996688842773438,-123.00,651.00,-1301.00
0.96806788444519042969,-22.00,659.00,-1424.00
0.96917200088500976562,-159.00,648.00,-1260.00
0.97027397155761718750,-51.00,603.00,-1338.00
0.97136497497558593750,-39.00,651.00,-1333.00
0.97245502471923828125,-102.00,636.00,-1307.00
0.97356200218200683594,-159.00,645.00,-1378.00
0.97465991973876953125,-55.00,589.00,-1470.00
0.97577190399169921875,-120.00,651.00,-1251.00
0.97685480117797851562,159.00,620.00,-1372.00
0.97794389724731445312,18.00,608.00,-1372.00
0.97903680801391601562,-166.00,684.00,-1219.00
0.98012995719909667969,19.00,652.00,-1480.00
0.98123693466186523438,-124.00,606.00,-1342.00
0.98232984542846679688,22.00,606.00,-1155.00
0.98342990875244140625,-162.00,596.00,-1274.00
0.98457479476928710938,-31.00,611.00,-1336.00
0.98568201065063476562,-98.00,675.00,-1315.00
0.98678302764892578125,-114.00,660.00,-1244.00
0.98787879943847656250,-51.00,591.00,-1313.00
0.98897194862365722656,-6.00,603.00,-1458.00
0.99006700515747070312,-138.00,672.00,-1118.00
0.99116301536560058594,-53.00,640.00,-1394.00
0.99226880073547363281,-82.00,668.00,-1205.00
0.99335694313049316406,-56.00,645.00,-1491.00
0.99449896812438964844,-83.00,651.00,-1315.00
0.99559593200683593750,-150.00,690.00,-1261.00
0.99669790267944335938,-22.00,665.00,-1192.00
0.99779200553894042969,231.00,623.00,-1333.00
0.99889087677001953125,14.00,624.00,-1434.00
0.99998784065246582031,-143.00,607.00,-1376.00
1.00108098983764648438,-70.00,602.00,-1432.00
1.00217294692993164062,-1.00,620.00,-1195.00
1.00326800346374511719,-95.00,661.00,-1299.00
1.00437402725219726562,-56.00,602.00,-1382.00
1.00615882873535156250,-97.00,632.00,-1507.00
1.00730299949645996094, 5.00,609.00,-1520.00
1.00840282440185546875,-25.00,628.00,-1392.00
1.00949788093566894531,-109.00,651.00,-1334.00
1.01057195663452148438,-62.00,591.00,-1439.00
1.01166987419128417969,-58.00,655.00,-1118.00
1.01276779174804687500,-49.00,585.00,-1478.00
1.01387691497802734375,-10.00,641.00,-1270.00
1.01496100425720214844,-95.00,629.00,-1347.00
1.01604890823364257812,-98.00,613.00,-1487.00
1.01730585098266601562,-107.00,612.00,-1354.00
1.01841592788696289062,-97.00,632.00,-1268.00
1.01951479911804199219,-7.00,604.00,-1427.00
1.02060794830322265625,-86.00,615.00,-1215.00
1.02170395851135253906,-124.00,629.00,-1284.00
1.02280688285827636719,-33.00,596.00,-1383.00
1.02390980720520019531,-104.00,661.00,-1160.00
1.02500581741333007812,-65.00,584.00,-1365.00
1.02610182762145996094,-103.00,640.00,-1434.00
1.02718400955200195312,-130.00,651.00,-1205.00
1.02827382087707519531,-120.00,623.00,-1061.00
1.02937293052673339844,-23.00,596.00,-1444.00
1.03047180175781250000,-50.00,622.00,-1472.00
1.03156995773315429688,-80.00,625.00,-1476.00
1.03267097473144531250,-42.00,613.00,-1452.00
1.03382587432861328125,-115.00,613.00,-1396.00
1.03491783142089843750,-47.00,616.00,-1357.00
1.03600597381591796875,-2.00,596.00,-1307.00
1.03731799125671386719,-29.00,565.00,-1415.00
1.03843688964843750000,-123.00,604.00,-1375.00
1.03972601890563964844,-66.00,648.00,-1188.00
1.04084086418151855469,-10.00,608.00,-1362.00
1.04194593429565429688,-54.00,627.00,-1356.00
1.04304480552673339844,-135.00,648.00,-1487.00
1.04418396949768066406,30.00,607.00,-1358.00
1.04528999328613281250,-37.00,624.00,-1352.00
1.04639387130737304688,-134.00,643.00,-1331.00
1.04749488830566406250,-103.00,662.00,-1278.00
1.04859185218811035156,-38.00,620.00,-1233.00
1.04968190193176269531,16.00,625.00,-1336.00
1.05077195167541503906,-79.00,613.00,-1404.00
1.05188202857971191406,-99.00,671.00,-1433.00
1.05297899246215820312,-27.00,649.00,-1384.00
1.05408287048339843750,-104.00,622.00,-1365.00
1.05518794059753417969,-113.00,665.00,-1507.00
1.05628180503845214844,11.00,603.00,-1370.00
1.05737996101379394531,-58.00,602.00,-1390.00
1.05848097801208496094,-79.00,611.00,-1352.00
1.05957579612731933594,-91.00,628.00,-1269.00
1.06066799163818359375,-43.00,598.00,-1464.00
1.06176495552062988281,-107.00,612.00,-1295.00
1.06285881996154785156,-97.00,659.00,-1331.00
1.06401300430297851562,-43.00,651.00,-1463.00
1.06511902809143066406,-122.00,657.00,-1229.00
1.06622290611267089844,-35.00,629.00,-1411.00
1.06731891632080078125,-160.00,624.00,-1192.00
1.06841802597045898438,-127.00,649.00,-1241.00
1.06952381134033203125,-62.00,603.00,-1324.00
1.07061696052551269531,-29.00,644.00,-1281.00
1.07171893119812011719,-142.00,612.00,-1481.00
1.07281184196472167969,-62.00,592.00,-1386.00
1.07390689849853515625,-9.00,608.00,-1391.00
1.07501387596130371094,-249.00,627.00,-1403.00
1.07611894607543945312,-47.00,619.00,-1055.00
1.07719683647155761719,-39.00,613.00,-1472.00
1.07829689979553222656,-30.00,597.00,-1268.00
1.07939195632934570312,-51.00,604.00,-1053.00
1.08048200607299804688,22.00,584.00,-1479.00
1.08157801628112792969,-162.00,608.00,-1258.00
1.08267879486083984375,246.00,608.00,-1412.00
1.08381795883178710938,-129.00,655.00,-1448.00
1.08491897583007812500,-45.00,631.00,-1272.00
1.08601880073547363281,-67.00,587.00,-1399.00
1.08712792396545410156,-164.00,644.00,-1268.00
1.08822894096374511719,-54.00,598.00,-1277.00
1.08932280540466308594,-53.00,608.00,-1489.00
1.09041500091552734375,-147.00,653.00,-1200.00
1.09150791168212890625,-66.00,588.00,-1292.00
1.09261894226074218750,-80.00,648.00,-1308.00
1.09371590614318847656,-45.00,623.00,-1472.00
1.09480881690979003906,-76.00,629.00,-1228.00
1.09590387344360351562,-38.00,619.00,-1403.00
1.09700393676757812500,-138.00,651.00,-1252.00
1.09809780120849609375,126.00,656.00,-1327.00
1.09920382499694824219,-38.00,639.00,-1412.00
1.10030102729797363281,-140.00,632.00,-1269.00
1.10138893127441406250,11.00,678.00,-1291.00
1.10248088836669921875,-120.00,661.00,-1364.00
1.10358285903930664062,-90.00,600.00,-1473.00
1.10467481613159179688,12.00,585.00,-1452.00
1.10576081275939941406,-144.00,625.00,-1287.00
1.10755395889282226562,-23.00,589.00,-1423.00
1.10868096351623535156,-134.00,636.00,-1216.00
1.10978984832763671875,-109.00,655.00,-1231.00
1.11087989807128906250,-5.00,597.00,-1362.00
1.11197781562805175781,-80.00,628.00,-1460.00
1.11307883262634277344,-109.00,593.00,-1263.00
1.11419582366943359375,-31.00,611.00,-1376.00
1.11529493331909179688,-167.00,622.00,-1201.00
1.11639285087585449219,-70.00,568.00,-1300.00
1.11749386787414550781,-91.00,665.00,-1281.00
1.11859297752380371094,-39.00,625.00,-1329.00
1.11968398094177246094,-7.00,620.00,-1464.00
1.12077879905700683594,-138.00,627.00,-1260.00
1.12187600135803222656,20.00,611.00,-1420.00
1.12297487258911132812,-50.00,616.00,-1185.00
1.12408399581909179688,-39.00,615.00,-1420.00
1.12519097328186035156,-174.00,657.00,-1221.00
1.12628102302551269531,27.00,629.00,-1493.00
1.12737202644348144531,-97.00,635.00,-1307.00
1.12846779823303222656, 7.00,569.00,-1456.00
1.12956500053405761719, 9.00,589.00,-1429.00
1.13065791130065917969,-150.00,649.00,-1299.00
1.13174986839294433594,-25.00,624.00,-1526.00
1.13284683227539062500,-45.00,655.00,-1415.00
1.13399600982666015625,-79.00,622.00,-1348.00
1.13510084152221679688,-228.00,676.00,-1278.00
1.13619279861450195312,-138.00,639.00,-1533.00
1.13729095458984375000,-29.00,596.00,-1349.00
1.13857197761535644531,-50.00,649.00,-1229.00
1.13968682289123535156,-3.00,637.00,-1285.00
1.14078879356384277344,-9.00,619.00,-1427.00
1.14188194274902343750,-163.00,624.00,-1371.00
1.14299082756042480469,-17.00,619.00,-1278.00
1.14408183097839355469,-69.00,629.00,-1380.00
1.14519000053405761719,-144.00,628.00,-1376.00
1.14630079269409179688,-34.00,573.00,-1362.00
1.14740300178527832031,-63.00,669.00,-1360.00
1.14849686622619628906,-59.00,608.00,-1352.00
1.14959502220153808594,-11.00,596.00,-1342.00
1.15069580078125000000,-72.00,616.00,-1383.00
1.15179896354675292969,-152.00,653.00,-1247.00
1.15290188789367675781,159.00,644.00,-1365.00
1.15401387214660644531,-136.00,652.00,-1463.00
1.15511393547058105469,-19.00,662.00,-1236.00
1.15621495246887207031,-117.00,613.00,-1464.00
1.15731382369995117188,-104.00,619.00,-1295.00
1.15841484069824218750,-7.00,567.00,-1396.00
1.15951585769653320312,-29.00,620.00,-1444.00
1.16061401367187500000,-119.00,676.00,-1309.00
1.16170501708984375000,-118.00,643.00,-1455.00
1.16280484199523925781,-15.00,593.00,-1347.00
1.16390895843505859375,-127.00,673.00,-1269.00
1.16500902175903320312,-115.00,627.00,-1467.00
1.16610479354858398438,-71.00,640.00,-1109.00
1.16720795631408691406,-55.00,652.00,-1382.00
1.16830182075500488281,-182.00,527.00,-1503.00
1.16939401626586914062,-109.00,616.00,-1300.00
1.17050194740295410156,-49.00,625.00,-1193.00
1.17159390449523925781, 5.00,606.00,-1360.00
1.17268180847167968750,-133.00,639.00,-1372.00
1.17380785942077636719,-30.00,591.00,-1450.00
1.17486190795898437500,-99.00,592.00,-1454.00
1.17590379714965820312,-106.00,608.00,-1344.00
1.17694187164306640625,-17.00,649.00,-1030.00
1.17798280715942382812,-83.00,637.00,-1244.00
1.17902779579162597656,-33.00,612.00,-1372.00
1.18006682395935058594,-111.00,671.00,-1467.00
1.18111395835876464844,-174.00,655.00,-1274.00
1.18215799331665039062,-26.00,581.00,-1384.00
1.18319988250732421875,-138.00,648.00,-1445.00
1.18434786796569824219,-60.00,645.00,-1320.00
1.18545389175415039062,-90.00,648.00,-1278.00
1.18654990196228027344,-127.00,647.00,-1501.00
1.18764495849609375000,-30.00,575.00,-1295.00
1.18874287605285644531,-51.00,669.00,-1292.00
1.18983483314514160156,191.00,629.00,-1317.00
1.19092583656311035156,-89.00,628.00,-1404.00
1.19202184677124023438,-72.00,651.00,-1155.00
1.19312787055969238281,-158.00,652.00,-1352.00
1.19422602653503417969,-80.00,627.00,-1318.00
1.19532394409179687500,-83.00,678.00,-1253.00
1.19641590118408203125,-14.00,648.00,-1472.00
1.19750595092773437500,-90.00,622.00,-1304.00
1.19860792160034179688,-22.00,639.00,-1316.00
1.19970393180847167969,-118.00,564.00,-1470.00
1.20079994201660156250,-98.00,636.00,-1278.00
1.20190095901489257812,11.00,627.00,-1505.00
1.20299291610717773438,-14.00,573.00,-1354.00
1.20414185523986816406,-74.00,622.00,-1280.00
1.20523691177368164062,-56.00,576.00,-1500.00
1.20694780349731445312, 6.00,623.00,-1465.00
1.20807886123657226562, 0.00,637.00,-1297.00
1.20918393135070800781,-70.00,628.00,-1380.00
1.21028280258178710938,-151.00,641.00,-1229.00
1.21138381958007812500,-90.00,645.00,-1287.00
1.21247982978820800781,-27.00,607.00,-1406.00
1.21357893943786621094,-47.00,585.00,-1285.00
1.21467399597167968750,-91.00,632.00,-1342.00
1.21577501296997070312,-115.00,577.00,-1478.00
1.21687388420104980469,-79.00,673.00,-1200.00
1.21796679496765136719,-65.00,584.00,-1463.00
1.21905779838562011719,-98.00,651.00,-1484.00
1.22014999389648437500,-38.00,636.00,-1263.00
1.22124600410461425781,-25.00,649.00,-1395.00
1.22234988212585449219,-152.00,606.00,-1484.00
1.22344183921813964844,-127.00,639.00,-1273.00
1.22459101676940917969,-15.00,561.00,-1349.00
1.22569680213928222656,-250.00,624.00,-1321.00
1.22679495811462402344,-115.00,625.00,-1284.00
1.22789001464843750000,-35.00,559.00,-1388.00
1.22898888587951660156,-49.00,661.00,-1254.00
1.23008298873901367188,-7.00,558.00,-1502.00
1.23118400573730468750,-25.00,593.00,-1301.00
1.23227596282958984375,-53.00,636.00,-1274.00
1.23336696624755859375,203.00,608.00,-1333.00
1.23451900482177734375,-101.00,584.00,-1328.00
1.23580479621887207031,-51.00,598.00,-1412.00
1.23690795898437500000, 7.00,612.00,-1394.00
1.23817396163940429688,-146.00,698.00,-1336.00
1.23927998542785644531,-50.00,635.00,-1281.00
1.24037885665893554688,-119.00,671.00,-1253.00
1.24147486686706542969,-6.00,622.00,-1327.00
1.24256992340087890625,-102.00,607.00,-1403.00
1.24368190765380859375,-59.00,641.00,-1199.00
1.24477887153625488281,187.00,617.00,-1438.00
1.24587893486022949219,-99.00,615.00,-1445.00
1.24697089195251464844,-6.00,652.00,-1372.00
1.24806499481201171875,-97.00,600.00,-1438.00
1.24915385246276855469,-124.00,619.00,-1513.00
1.25024199485778808594,12.00,583.00,-1432.00
1.25134682655334472656,-167.00,593.00,-1396.00
1.25243592262268066406,-133.00,613.00,-1380.00
1.25353288650512695312,-19.00,595.00,-1291.00
1.25462293624877929688,-89.00,619.00,-1338.00
1.25571584701538085938,-39.00,589.00,-1400.00
1.25680494308471679688,23.00,604.00,-1163.00
1.25865697860717773438,-123.00,600.00,-1434.00
1.25979781150817871094,-151.00,637.00,-1342.00
1.26088190078735351562,-31.00,602.00,-1429.00
1.26198101043701171875,-6.00,579.00,-1420.00
1.26308083534240722656,-104.00,665.00,-1064.00
1.26421189308166503906,-79.00,652.00,-1412.00
1.26530981063842773438,-150.00,662.00,-1411.00
1.26640391349792480469,187.00,672.00,-1293.00
1.26750087738037109375,-101.00,623.00,-1488.00
1.26859188079833984375,-86.00,661.00,-1205.00
1.26977586746215820312,-90.00,600.00,-1456.00
1.27087497711181640625,-107.00,645.00,-1349.00
1.27196979522705078125,-51.00,596.00,-1253.00
1.27306795120239257812,-10.00,589.00,-1454.00
1.27417802810668945312,-127.00,660.00,-1265.00
1.27528786659240722656,-146.00,635.00,-1476.00
1.27638602256774902344,-42.00,589.00,-1349.00
1.27746582031250000000,-72.00,703.00,-1299.00
1.27856492996215820312,-94.00,553.00,-1439.00
1.27965879440307617188,-59.00,644.00,-1102.00
1.28075599670410156250,-49.00,635.00,-1370.00
1.28185892105102539062,-242.00,532.00,-1498.00
1.28295898437500000000,-75.00,598.00,-1277.00
1.28406190872192382812,-45.00,604.00,-1249.00
1.28516101837158203125,-1.00,581.00,-1482.00
1.28626585006713867188,-99.00,608.00,-1276.00
1.28736996650695800781,-19.00,625.00,-1472.00
1.28846693038940429688,-152.00,631.00,-1244.00
1.28956198692321777344, 5.00,603.00,-1414.00
1.29065799713134765625,-152.00,643.00,-1291.00
1.29175281524658203125,-9.00,559.00,-1247.00
1.29285597801208496094,-1.00,595.00,-1380.00
1.29400897026062011719,-101.00,627.00,-1267.00
1.29511284828186035156,-2.00,612.00,-1454.00
1.29621195793151855469,-101.00,653.00,-1378.00
1.29731202125549316406,-67.00,591.00,-1360.00
1.29840898513793945312,-146.00,678.00,-1273.00
1.29950189590454101562,-11.00,573.00,-1380.00
1.30059885978698730469,-26.00,643.00,-1256.00
1.30169296264648437500,22.00,587.00,-1448.00
1.30279302597045898438,-49.00,596.00,-1438.00
1.30390095710754394531,-102.00,655.00,-1452.00
1.30498695373535156250,-21.00,675.00,-1414.00
1.30679583549499511719,-63.00,649.00,-1316.00
1.30792784690856933594,-15.00,622.00,-1364.00
1.30903601646423339844,-54.00,611.00,-1307.00
1.31013584136962890625,-89.00,577.00,-1376.00
1.31123590469360351562,35.00,623.00,-1265.00
1.31233286857604980469,-63.00,619.00,-1449.00
1.31343483924865722656,-129.00,598.00,-1254.00
1.31459283828735351562,30.00,661.00,-1354.00
1.31570100784301757812,-120.00,624.00,-1398.00
1.31681180000305175781,-17.00,603.00,-1439.00
1.31790399551391601562,-149.00,636.00,-1407.00
1.31899881362915039062,-23.00,655.00,-1300.00
1.32009696960449218750,-134.00,632.00,-1274.00
1.32119083404541015625,-59.00,596.00,-1463.00
1.32228279113769531250,-59.00,653.00,-1419.00
1.32337498664855957031,-66.00,623.00,-1313.00
1.32452702522277832031,-19.00,575.00,-1478.00
1.32562685012817382812,-37.00,593.00,-1116.00
1.32671380043029785156,-65.00,656.00,-1384.00
1.32780790328979492188,-154.00,604.00,-1455.00
1.32891488075256347656,-98.00,657.00,-1264.00
1.33001279830932617188,-149.00,635.00,-1434.00
1.33110499382019042969,-122.00,636.00,-1213.00
1.33220386505126953125,186.00,595.00,-1436.00
1.33330082893371582031,-76.00,657.00,-1534.00
1.33440279960632324219,-14.00,659.00,-1269.00
1.33570599555969238281,-34.00,652.00,-1435.00
1.33681488037109375000,-109.00,649.00,-1316.00
1.33790993690490722656,-10.00,707.00,-1296.00
1.33900785446166992188,-83.00,576.00,-1508.00
1.34010481834411621094,-78.00,632.00,-1374.00
1.34120798110961914062,-42.00,596.00,-1369.00
1.34230589866638183594,-18.00,631.00,-1252.00
1.34339094161987304688,-111.00,637.00,-1369.00
1.34454679489135742188,-111.00,587.00,-1447.00
1.34565091133117675781,-139.00,622.00,-1167.00
1.34675502777099609375,-87.00,635.00,-1408.00
1.34785199165344238281,-106.00,619.00,-1225.00
1.34894800186157226562,-51.00,607.00,-1479.00
1.35004496574401855469,-65.00,628.00,-1203.00
1.35114288330078125000,16.00,600.00,-1486.00
1.35224580764770507812,-115.00,620.00,-1263.00
1.35334491729736328125,-118.00,656.00,-1264.00
1.35449695587158203125,-15.00,665.00,-1475.00
1.35559487342834472656,-142.00,641.00,-1179.00
1.35669493675231933594,-60.00,625.00,-1328.00
1.35778999328613281250,-72.00,573.00,-1284.00
1.35889291763305664062,-155.00,676.00,-1325.00
1.35999083518981933594,10.00,624.00,-1328.00
1.36107397079467773438,-78.00,669.00,-1284.00
1.36217093467712402344,-70.00,565.00,-1478.00
1.36326599121093750000,-119.00,631.00,-1138.00
1.36438488960266113281,-22.00,620.00,-1403.00
1.36548089981079101562,-131.00,579.00,-1418.00
1.36658501625061035156,-89.00,603.00,-1291.00
1.36768102645874023438,-138.00,575.00,-1466.00
1.36877799034118652344,-99.00,651.00,-1181.00
1.36987495422363281250,-58.00,624.00,-1416.00
1.37096881866455078125,-82.00,636.00,-1371.00
1.37206101417541503906,-50.00,593.00,-1243.00
1.37315893173217773438,-33.00,620.00,-1479.00
1.37426280975341796875,-98.00,611.00,-1287.00
1.37537097930908203125,-19.00,569.00,-1508.00
1.37647891044616699219,-34.00,593.00,-1341.00
1.37756395339965820312,-72.00,644.00,-1384.00
1.37865996360778808594,-35.00,609.00,-1188.00
1.37975692749023437500,-115.00,640.00,-1313.00
1.38085293769836425781,-71.00,623.00,-1349.00
1.38195395469665527344,-147.00,644.00,-1276.00
1.38305091857910156250,-15.00,576.00,-1362.00
1.38416600227355957031,-93.00,620.00,-1412.00
1.38526082038879394531,-43.00,669.00,-1192.00
1.38636088371276855469,-65.00,657.00,-1293.00
1.38745880126953125000,-87.00,677.00,-1425.00
1.38855290412902832031,-87.00,619.00,-1249.00
1.38964891433715820312,-27.00,627.00,-1436.00
1.39074683189392089844,-156.00,622.00,-1514.00
1.39184379577636718750, 3.00,659.00,-1527.00
1.39293980598449707031,-123.00,639.00,-1276.00
1.39405298233032226562,-247.00,580.00,-1439.00
1.39514994621276855469,-114.00,643.00,-1228.00
1.39624786376953125000,-146.00,615.00,-1270.00
1.39734697341918945312,-102.00,581.00,-1406.00
1.39843797683715820312,-133.00,655.00,-1251.00
1.39953994750976562500,-89.00,592.00,-1354.00
1.40063786506652832031,-136.00,617.00,-1288.00
1.40173697471618652344,-139.00,603.00,-1473.00
1.40283679962158203125,-71.00,544.00,-1387.00
1.40398502349853515625,-33.00,647.00,-1221.00
1.40507888793945312500,-6.00,665.00,-1428.00
1.40690183639526367188,-122.00,644.00,-1261.00
1.40802192687988281250,-42.00,593.00,-1448.00
1.40912389755249023438,-76.00,678.00,-1305.00
1.41020488739013671875, 6.00,611.00,-1458.00
1.41131091117858886719,-74.00,633.00,-1281.00
1.41241192817687988281,-58.00,604.00,-1311.00
1.41352486610412597656,-127.00,651.00,-1482.00
1.41462779045104980469,-156.00,657.00,-1267.00
1.41572690010070800781,-26.00,608.00,-1337.00
1.41682887077331542969,-46.00,640.00,-1456.00
1.41793298721313476562,-134.00,584.00,-1244.00
1.41902780532836914062,-56.00,615.00,-1379.00
1.42012286186218261719,-147.00,652.00,-1512.00
1.42121601104736328125,-18.00,598.00,-1388.00
1.42231798171997070312,-90.00,627.00,-1320.00
1.42341780662536621094,-250.00,567.00,-1473.00
1.42452692985534667969,-83.00,597.00,-1378.00
1.42556285858154296875,-67.00,676.00,-1291.00
1.42661499977111816406,-90.00,653.00,-1204.00
1.42764782905578613281,-38.00,573.00,-1352.00
1.42869186401367187500,-104.00,643.00,-1193.00
1.42973589897155761719,-124.00,643.00,-1387.00
1.43077301979064941406,-78.00,620.00,-1357.00
1.43181586265563964844,-14.00,661.00,-1274.00
1.43304991722106933594,-46.00,606.00,-1447.00
1.43421983718872070312,-83.00,622.00,-1360.00
1.43532490730285644531,-43.00,652.00,-1436.00
1.43642187118530273438,-66.00,627.00,-1312.00
1.43752193450927734375,-31.00,649.00,-1371.00
1.43861484527587890625,-138.00,636.00,-1497.00
1.43970394134521484375,-1.00,581.00,-1432.00
1.44080591201782226562,-93.00,641.00,-1320.00
1.44190192222595214844,-11.00,623.00,-1498.00
1.44301199913024902344,-107.00,665.00,-1126.00
1.44414687156677246094,-119.00,629.00,-1376.00
1.44524693489074707031,-102.00,576.00,-1487.00
1.44634485244750976562,-91.00,600.00,-1292.00
1.44744396209716796875,-58.00,600.00,-1475.00
1.44853901863098144531,-58.00,589.00,-1493.00
1.44963288307189941406,-66.00,672.00,-1241.00
1.45072484016418457031,-102.00,655.00,-1493.00
1.45181488990783691406,-152.00,677.00,-1165.00
1.45290780067443847656,20.00,617.00,-1436.00
1.45401382446289062500,-103.00,615.00,-1354.00
1.45509290695190429688,-138.00,655.00,-1254.00
1.45617890357971191406,-9.00,651.00,-1302.00
1.45726680755615234375,-30.00,589.00,-1400.00
1.45841979980468750000,-142.00,664.00,-1189.00
1.45952582359313964844,-30.00,608.00,-1347.00
1.46061587333679199219,-104.00,662.00,-1291.00
1.46171092987060546875,101.00,656.00,-1402.00
1.46280384063720703125,-17.00,620.00,-1434.00
1.46392488479614257812,-56.00,652.00,-1277.00
1.46503400802612304688,-17.00,581.00,-1475.00
1.46612501144409179688,-104.00,659.00,-1402.00
1.46721792221069335938,-60.00,577.00,-1532.00
1.46831297874450683594,15.00,641.00,-1424.00
1.46941184997558593750,-144.00,651.00,-1398.00
1.47050189971923828125,11.00,612.00,-1287.00
1.47158980369567871094,-152.00,633.00,-1414.00
1.47268080711364746094,-82.00,615.00,-1304.00
1.47382497787475585938,-51.00,632.00,-1329.00
1.47491788864135742188,-95.00,684.00,-1460.00
1.47601389884948730469,-63.00,583.00,-1360.00
1.47709083557128906250,-90.00,668.00,-1288.00
1.47818279266357421875,-102.00,628.00,-1483.00
1.47963595390319824219,-47.00,602.00,-1244.00
1.48074579238891601562,-53.00,665.00,-1438.00
1.48184394836425781250,-117.00,619.00,-1257.00
1.48294496536254882812,-97.00,620.00,-1406.00
1.48405981063842773438,206.00,612.00,-1387.00
1.48515892028808593750,-91.00,629.00,-1524.00
1.48625683784484863281,-21.00,569.00,-1274.00
1.48734998703002929688,-107.00,627.00,-1398.00
1.48844695091247558594,-86.00,653.00,-1366.00
1.48953986167907714844,-2.00,652.00,-1508.00
1.49063396453857421875,-119.00,597.00,-1295.00
1.49172782897949218750,-111.00,667.00,-1390.00
1.49283099174499511719,-14.00,587.00,-1301.00
1.49392700195312500000,-152.00,631.00,-1341.00
1.49503397941589355469,-42.00,640.00,-1362.00
1.49614095687866210938,-97.00,643.00,-1252.00
1.49723792076110839844,-119.00,606.00,-1526.00
1.49832797050476074219,-34.00,640.00,-1425.00
1.49943089485168457031,-80.00,659.00,-1245.00
1.50052499771118164062,-34.00,581.00,-1403.00
1.50161290168762207031,-59.00,623.00,-1366.00
1.50270199775695800781,-94.00,595.00,-1336.00
1.50383591651916503906,86.00,684.00,-1295.00
1.50492382049560546875,-65.00,556.00,-1424.00
1.50657987594604492188,-135.00,665.00,-1235.00
1.50774383544921875000,16.00,598.00,-1428.00
1.50883579254150390625,-9.00,624.00,-1203.00
1.50994181632995605469,-93.00,613.00,-1365.00
1.51104092597961425781,-158.00,627.00,-1371.00
1.51214098930358886719,104.00,667.00,-1243.00
1.51323699951171875000,-49.00,607.00,-1434.00
1.51434683799743652344,-58.00,612.00,-1203.00
1.51544499397277832031,-174.00,609.00,-1507.00
1.51655292510986328125,-69.00,620.00,-1317.00
1.51762080192565917969,-25.00,575.00,-1508.00
1.51865696907043457031,-35.00,637.00,-1396.00
1.51968884468078613281,-113.00,597.00,-1328.00
1.52072596549987792969,-26.00,606.00,-1406.00
1.52175998687744140625,-164.00,656.00,-1311.00
1.52280187606811523438,-249.00,609.00,-1371.00
1.52391481399536132812,-166.00,673.00,-1439.00
1.52501583099365234375, 6.00,668.00,-1345.00
1.52611780166625976562,-123.00,643.00,-1380.00
1.52719879150390625000,-76.00,616.00,-1492.00
1.52830195426940917969,-79.00,575.00,-1467.00
1.52940201759338378906,-117.00,657.00,-1369.00
1.53050184249877929688,-45.00,629.00,-1400.00
1.53181385993957519531,-106.00,676.00,-1254.00
1.53292584419250488281,-49.00,600.00,-1344.00
1.53404402732849121094,-33.00,607.00,-1285.00
1.53514695167541503906,-98.00,561.00,-1419.00
1.53625082969665527344,-91.00,691.00,-1247.00
1.53734493255615234375,-1.00,631.00,-1399.00
1.53844094276428222656,-144.00,597.00,-1470.00
1.53953695297241210938,-89.00,627.00,-1187.00
1.54063701629638671875,-76.00,591.00,-1423.00
1.54172801971435546875,-152.00,631.00,-1293.00
1.54282689094543457031, 0.00,647.00,-1287.00
1.54390597343444824219,-101.00,647.00,-1390.00
1.54500699043273925781,-69.00,583.00,-1454.00
1.54611897468566894531,-43.00,580.00,-1406.00
1.54721879959106445312,-155.00,625.00,-1267.00
1.54831600189208984375,68.00,604.00,-1516.00
1.54940795898437500000,-43.00,587.00,-1337.00
1.55049991607666015625,-101.00,632.00,-1340.00
1.55159997940063476562,-35.00,607.00,-1418.00
1.55269694328308105469,-87.00,598.00,-1115.00
1.55384588241577148438,-90.00,577.00,-1375.00
1.55494689941406250000,-37.00,640.00,-1285.00
1.55603790283203125000,-35.00,565.00,-1463.00
1.55713796615600585938,-95.00,579.00,-1036.00
1.55822896957397460938,-11.00,631.00,-1312.00
1.55932593345642089844,-56.00,592.00,-1424.00
1.56040382385253906250,-118.00,623.00,-1299.00
1.56150293350219726562,-13.00,597.00,-1267.00
1.56259679794311523438,-35.00,632.00,-1414.00
1.56371498107910156250,-138.00,615.00,-1353.00
1.56481099128723144531,34.00,581.00,-1429.00
1.56590294837951660156,-160.00,607.00,-1317.00
1.56699991226196289062,-13.00,619.00,-1406.00
1.56809902191162109375,-110.00,620.00,-1176.00
1.56920194625854492188,-143.00,612.00,-1311.00
1.57029986381530761719,-38.00,632.00,-1402.00
1.57139301300048828125,-256.00,677.00,-1224.00
1.57248592376708984375,-78.00,612.00,-1336.00
1.57358980178833007812,-113.00,640.00,-1308.00
1.57470297813415527344,-18.00,606.00,-1425.00
1.57581090927124023438,-113.00,659.00,-1198.00
1.57688999176025390625,-23.00,619.00,-1416.00
1.57798480987548828125,-159.00,622.00,-1334.00
1.57907891273498535156,176.00,637.00,-1278.00
1.58018183708190917969,-102.00,649.00,-1455.00
1.58127999305725097656,-134.00,661.00,-1164.00
1.58237600326538085938,-15.00,611.00,-1470.00
1.58351397514343261719,-94.00,573.00,-1321.00
1.58461999893188476562,-17.00,649.00,-1228.00
1.58571887016296386719,-143.00,620.00,-1235.00
1.58682394027709960938,-46.00,643.00,-1406.00
1.58791899681091308594,-104.00,623.00,-1395.00
1.58900594711303710938,-10.00,596.00,-1425.00
1.59010386466979980469,-94.00,649.00,-1293.00
1.59120488166809082031,-115.00,597.00,-1395.00
1.59230494499206542969,-10.00,579.00,-1452.00
1.59339499473571777344,-56.00,639.00,-1318.00
1.59454584121704101562,-66.00,643.00,-1456.00
1.59564280509948730469,-143.00,653.00,-1173.00
1.59674382209777832031,-62.00,629.00,-1409.00
1.59783887863159179688,-101.00,616.00,-1267.00
1.59893584251403808594,14.00,649.00,-1256.00
1.60002994537353515625,-7.00,624.00,-1428.00
1.60112500190734863281,-139.00,615.00,-1261.00
1.60222887992858886719,-6.00,579.00,-1487.00
1.60332179069519042969,-127.00,617.00,-1291.00
1.60441398620605468750,28.00,637.00,-1486.00
1.60550189018249511719,-103.00,611.00,-1277.00
1.60730600357055664062,-91.00,665.00,-1254.00
1.60842990875244140625,213.00,623.00,-1468.00
1.60952782630920410156,-106.00,627.00,-1315.00
1.61063599586486816406,-9.00,655.00,-1289.00
1.61174297332763671875,-152.00,617.00,-1428.00
1.61283493041992187500,-39.00,617.00,-1307.00
1.61399483680725097656,-86.00,680.00,-1215.00
1.61510181427001953125,-156.00,609.00,-1213.00
1.61619901657104492188,-30.00,580.00,-1328.00
1.61730098724365234375,-133.00,660.00,-1287.00
1.61839389801025390625,-42.00,598.00,-1291.00
1.61948800086975097656,-9.00,593.00,-1418.00
1.62058281898498535156,-156.00,620.00,-1203.00
1.62167882919311523438,-138.00,648.00,-1332.00
1.62277102470397949219,-85.00,639.00,-1337.00
1.62387180328369140625,-37.00,672.00,-1320.00
1.62492084503173828125,-42.00,558.00,-1382.00
1.62596082687377929688,-86.00,687.00,-1329.00
1.62699389457702636719,-80.00,608.00,-1379.00
1.62803888320922851562,-97.00,653.00,-1134.00
1.62908291816711425781,-10.00,624.00,-1402.00
1.63031601905822753906,-150.00,580.00,-1376.00
1.63137388229370117188,-102.00,651.00,-1252.00
1.63241195678710937500,-106.00,639.00,-1484.00
1.63364195823669433594,-62.00,657.00,-1181.00
1.63478279113769531250,-25.00,625.00,-1456.00
1.63588285446166992188,-35.00,682.00,-1333.00
1.63698196411132812500,-65.00,661.00,-1489.00
1.63807892799377441406,-2.00,580.00,-1253.00
1.63917684555053710938,-53.00,603.00,-1414.00
1.64028000831604003906,-107.00,628.00,-1419.00
1.64136981964111328125,10.00,639.00,-1390.00
1.64247393608093261719,-142.00,603.00,-1299.00
1.64357781410217285156,-42.00,602.00,-1394.00
1.64467787742614746094,-99.00,680.00,-1219.00
1.64578080177307128906,-101.00,653.00,-1344.00
1.64688181877136230469,-102.00,591.00,-1299.00
1.64797687530517578125,-123.00,624.00,-1295.00
1.64907383918762207031,-67.00,615.00,-1400.00
1.65016984939575195312,-104.00,609.00,-1224.00
1.65126895904541015625,-23.00,673.00,-1237.00
1.65237188339233398438,-19.00,628.00,-1435.00
1.65351390838623046875,-150.00,660.00,-1514.00
1.65461397171020507812,-11.00,644.00,-1463.00
1.65570902824401855469,-102.00,644.00,-1366.00
1.65680789947509765625,-240.00,643.00,-1392.00
1.65790486335754394531,-198.00,633.00,-1123.00
1.65899896621704101562,-58.00,609.00,-1272.00
1.66007995605468750000,-13.00,583.00,-1296.00
1.66116380691528320312,-102.00,631.00,-1085.00
1.66225695610046386719,-78.00,622.00,-1341.00
1.66336297988891601562,-117.00,641.00,-1317.00
1.66452288627624511719,-136.00,602.00,-1472.00
1.66561889648437500000,-80.00,671.00,-1108.00
1.66671800613403320312,-47.00,656.00,-1431.00
1.66780900955200195312,-150.00,629.00,-1280.00
1.66890501976013183594,-109.00,622.00,-1267.00
1.66999888420104980469,-99.00,643.00,-1502.00
1.67109489440917968750,-151.00,648.00,-1188.00
1.67218780517578125000,-101.00,632.00,-1281.00
1.67327499389648437500,-101.00,669.00,-1431.00
1.67434692382812500000,-102.00,672.00,-1179.00
1.67539095878601074219,-56.00,583.00,-1434.00
1.67643380165100097656,-155.00,573.00,-1484.00
1.67745995521545410156,-18.00,640.00,-1493.00
1.67849183082580566406,-122.00,665.00,-1320.00
1.67966389656066894531,16.00,631.00,-1484.00
1.68072485923767089844,-6.00,596.00,-1398.00
1.68176579475402832031,-98.00,628.00,-1353.00
1.68280696868896484375,-174.00,622.00,-1124.00
1.68389987945556640625,-29.00,637.00,-1331.00
1.68500185012817382812,-33.00,633.00,-1321.00
1.68610286712646484375,-143.00,643.00,-1469.00
1.68719601631164550781,-19.00,545.00,-1402.00
1.68828582763671875000,-107.00,640.00,-1280.00
1.68937993049621582031,-27.00,613.00,-1349.00
1.69047379493713378906,-82.00,604.00,-1424.00
1.69157099723815917969,-83.00,622.00,-1337.00
1.69267201423645019531,-101.00,664.00,-1233.00
1.69380688667297363281,-19.00,598.00,-1425.00
1.69490289688110351562,-115.00,644.00,-1513.00
1.69598793983459472656,10.00,653.00,-1371.00
1.69707393646240234375,-120.00,660.00,-1333.00
1.69816589355468750000,-14.00,585.00,-1301.00
1.69955587387084960938,-156.00,615.00,-1231.00
1.70067191123962402344,-14.00,589.00,-1333.00
1.70176601409912109375,-86.00,662.00,-1253.00
1.70285582542419433594,-139.00,690.00,-1256.00
1.70401096343994140625,-38.00,600.00,-1458.00
1.70510888099670410156,-109.00,653.00,-1257.00
1.70686292648315429688,-234.00,611.00,-1394.00
1.71277999877929687500,-58.00,657.00,-1187.00
1.71393299102783203125,-130.00,628.00,-1244.00
1.71503686904907226562,-55.00,624.00,-1347.00
1.71612691879272460938,-144.00,656.00,-1254.00
1.71720981597900390625,-21.00,564.00,-1311.00
1.71828293800354003906,-85.00,624.00,-1285.00
1.71936082839965820312,-93.00,620.00,-1435.00
1.72045183181762695312,-40.00,606.00,-1378.00
1.72153592109680175781,-110.00,637.00,-1331.00
1.72261381149291992188,112.00,677.00,-1205.00
1.72793889045715332031,-143.00,631.00,-1238.00
1.72904086112976074219,34.00,636.00,-1240.00
1.73041582107543945312,-85.00,624.00,-1402.00
1.73153996467590332031,-118.00,636.00,-1235.00
1.73263692855834960938,-98.00,636.00,-1258.00
1.73372793197631835938,-87.00,611.00,-1404.00
1.73477888107299804688,-135.00,688.00,-1183.00
1.73582983016967773438,-142.00,656.00,-1307.00
1.73708486557006835938,-38.00,612.00,-1307.00
1.73813796043395996094,-17.00,661.00,-1238.00
1.73917794227600097656,-56.00,631.00,-1487.00
1.74022293090820312500,-82.00,615.00,-1418.00
1.74126791954040527344,-87.00,669.00,-1189.00
1.74231386184692382812,-58.00,644.00,-1297.00
1.74334883689880371094,10.00,616.00,-1390.00
1.74452900886535644531,-183.00,608.00,-1436.00
1.74561691284179687500,-56.00,597.00,-1287.00
1.74670290946960449219,36.00,603.00,-1223.00
1.74778985977172851562,-120.00,661.00,-1288.00
1.74887299537658691406,-31.00,603.00,-1362.00
1.74994993209838867188,-122.00,672.00,-1261.00
1.75102686882019042969,-118.00,651.00,-1265.00
1.75264501571655273438,-83.00,608.00,-1388.00
1.75381994247436523438,-69.00,659.00,-1333.00
1.75486993789672851562,-26.00,602.00,-1528.00
1.75591588020324707031,-70.00,613.00,-1427.00
1.75695991516113281250,-113.00,615.00,-1337.00
1.75800085067749023438,-14.00,661.00,-1447.00
1.75905585289001464844,-133.00,631.00,-1281.00
1.76009798049926757812,-10.00,620.00,-1409.00
1.76113986968994140625,-134.00,604.00,-1448.00
1.76218199729919433594,-103.00,667.00,-1308.00
1.76322579383850097656,-45.00,600.00,-1471.00
1.76470184326171875000,-42.00,617.00,-1312.00
1.76582980155944824219,-118.00,649.00,-1278.00
1.76692295074462890625,-30.00,622.00,-1511.00
1.76802396774291992188,-142.00,589.00,-1293.00
1.76911783218383789062,189.00,625.00,-1295.00
1.77021193504333496094,-78.00,673.00,-1420.00
1.77131080627441406250,-159.00,637.00,-1280.00
1.77240681648254394531,-19.00,645.00,-1309.00
1.77351498603820800781,-35.00,598.00,-1444.00
1.77460980415344238281,-51.00,651.00,-1406.00
1.77570486068725585938,-101.00,602.00,-1348.00
1.77680087089538574219,-5.00,583.00,-1424.00
1.77788782119750976562,-138.00,651.00,-1114.00
1.77898693084716796875,-101.00,600.00,-1371.00
1.78007698059082031250,-74.00,648.00,-1223.00
1.78117084503173828125,-39.00,653.00,-1521.00
1.78226184844970703125,-50.00,611.00,-1299.00
1.78336000442504882812,-49.00,667.00,-1225.00
1.78451681137084960938,157.00,579.00,-1396.00
1.78561186790466308594,-129.00,645.00,-1459.00
1.78671002388000488281,-10.00,553.00,-1205.00
1.78781294822692871094,-19.00,607.00,-1511.00
1.78890585899353027344,-130.00,637.00,-1338.00
1.79000496864318847656,-51.00,643.00,-1404.00
1.79110002517700195312,-140.00,673.00,-1423.00
1.79219484329223632812,-86.00,648.00,-1289.00
1.79328989982604980469,39.00,636.00,-1480.00
1.79438900947570800781,-37.00,596.00,-1336.00
1.79547786712646484375,-114.00,639.00,-1304.00
1.79657483100891113281,-171.00,651.00,-1204.00
1.79767084121704101562,-18.00,608.00,-1383.00
1.79876589775085449219,-102.00,592.00,-1247.00
1.79987192153930664062,-15.00,643.00,-1263.00
1.80096602439880371094,-101.00,624.00,-1428.00
1.80205702781677246094,-113.00,660.00,-1432.00
1.80315089225769042969,-123.00,629.00,-1276.00
1.80424880981445312500,217.00,633.00,-1321.00
1.80533599853515625000,55.00,595.00,-1336.00
1.80705785751342773438,-133.00,647.00,-1165.00
1.80835890769958496094,-26.00,608.00,-1398.00
1.80948281288146972656,-126.00,616.00,-1325.00
1.81056499481201171875,-22.00,579.00,-1451.00
1.81165981292724609375,-54.00,633.00,-1462.00
1.81276202201843261719,-117.00,662.00,-1274.00
1.81387901306152343750,-87.00,628.00,-1467.00
1.81497788429260253906,-34.00,580.00,-1379.00
1.81607294082641601562,-131.00,629.00,-1253.00
1.81716585159301757812,-22.00,631.00,-1424.00
1.81825900077819824219,-63.00,573.00,-1308.00
1.81935691833496093750,-56.00,603.00,-1325.00
1.82045388221740722656,-127.00,569.00,-1432.00
1.82154488563537597656,-114.00,655.00,-1248.00
1.82264399528503417969,-45.00,608.00,-1388.00
1.82374787330627441406,12.00,616.00,-1479.00
1.82485079765319824219,-175.00,600.00,-1350.00
1.82594799995422363281,-152.00,597.00,-1315.00
1.82702898979187011719,-30.00,615.00,-1315.00
1.82812500000000000000,-76.00,653.00,-1348.00
1.82921981811523437500,-151.00,633.00,-1329.00
1.83031392097473144531,46.00,616.00,-1329.00
1.83140993118286132812,-90.00,649.00,-1305.00
1.83249998092651367188,-30.00,606.00,-1325.00
1.83364892005920410156,-18.00,581.00,-1445.00
1.83494782447814941406,-110.00,620.00,-1316.00
1.83605885505676269531,-39.00,609.00,-1460.00
1.83716201782226562500,-38.00,607.00,-1503.00
1.83825683593750000000,-139.00,611.00,-1337.00
1.83934593200683593750,-37.00,604.00,-1312.00
1.84044098854064941406,-127.00,665.00,-1078.00
1.84154295921325683594,35.00,596.00,-1338.00
1.84264087677001953125,-104.00,649.00,-1269.00
1.84373188018798828125,-136.00,662.00,-1040.00
1.84482979774475097656,-59.00,624.00,-1388.00
1.84592294692993164062,-75.00,656.00,-1200.00
1.84702181816101074219,-75.00,629.00,-1488.00
1.84812092781066894531,-49.00,641.00,-1501.00
1.84921097755432128906,-66.00,653.00,-1219.00
1.85030198097229003906,-130.00,565.00,-1423.00
1.85140085220336914062,-40.00,636.00,-1307.00
1.85249996185302734375,-18.00,652.00,-1440.00
1.85365796089172363281,-190.00,649.00,-1307.00
1.85476183891296386719,-27.00,619.00,-1254.00
1.85585784912109375000,-7.00,596.00,-1376.00
1.85695385932922363281,-101.00,698.00,-1428.00
1.85804486274719238281,-33.00,576.00,-1321.00
1.85914492607116699219,-253.00,587.00,-1291.00
1.86022496223449707031,-87.00,652.00,-1307.00
1.86131787300109863281,-54.00,629.00,-1404.00
1.86241579055786132812,-65.00,671.00,-1221.00
1.86352992057800292969,-72.00,641.00,-1324.00
1.86463594436645507812,-53.00,657.00,-1419.00
1.86572694778442382812,-146.00,659.00,-1264.00
1.86682486534118652344,-94.00,651.00,-1423.00
1.86792182922363281250,-119.00,615.00,-1297.00
1.86900687217712402344,26.00,608.00,-1388.00
1.87010288238525390625,-134.00,609.00,-1352.00
1.87119984626770019531,-14.00,628.00,-1356.00
1.87229990959167480469,-156.00,669.00,-1491.00
1.87338900566101074219,-113.00,640.00,-1219.00
1.87454581260681152344,-1.00,591.00,-1362.00
1.87564182281494140625,-86.00,691.00,-1272.00
1.87672996520996093750,-91.00,625.00,-1292.00
1.87781882286071777344,-9.00,608.00,-1432.00
1.87891697883605957031,-136.00,629.00,-1207.00
1.88001298904418945312,-78.00,628.00,-1301.00
1.88110494613647460938,-69.00,636.00,-1276.00
1.88220596313476562500,-62.00,606.00,-1495.00
1.88330101966857910156,-242.00,677.00,-1168.00
1.88440394401550292969,-75.00,622.00,-1371.00
1.88550281524658203125,-97.00,579.00,-1456.00
1.88660001754760742188,-83.00,620.00,-1220.00
1.88770580291748046875,-17.00,632.00,-1386.00
1.88880586624145507812,-154.00,596.00,-1243.00
1.88989400863647460938,23.00,636.00,-1464.00
1.89099097251892089844,-106.00,612.00,-1256.00
1.89208292961120605469,12.00,606.00,-1489.00
1.89317488670349121094,-136.00,622.00,-1365.00
1.89431786537170410156,-3.00,591.00,-1302.00
1.89540600776672363281,-23.00,631.00,-1322.00
1.89649486541748046875,-164.00,672.00,-1336.00
1.89758300781250000000,-58.00,606.00,-1333.00
1.89866590499877929688,-104.00,649.00,-1305.00
1.89986085891723632812,-151.00,600.00,-1519.00
1.90097093582153320312,-71.00,619.00,-1382.00
1.90206694602966308594,-45.00,585.00,-1429.00
1.90316081047058105469,-11.00,644.00,-1260.00
1.90425896644592285156,-90.00,652.00,-1249.00
1.90593600273132324219,-75.00,615.00,-1458.00
1.90710401535034179688,-120.00,671.00,-1296.00
1.90820789337158203125,-60.00,555.00,-1403.00
1.90930390357971191406,-91.00,657.00,-1113.00
1.91038489341735839844,-51.00,555.00,-1402.00
1.91148996353149414062,-87.00,702.00,-1224.00
1.91258597373962402344,-49.00,635.00,-1345.00
1.91369485855102539062,-129.00,645.00,-1337.00
1.91478300094604492188,-63.00,635.00,-1243.00
1.91587090492248535156,-62.00,573.00,-1416.00
1.91695785522460937500,-107.00,629.00,-1398.00
1.91805195808410644531,-67.00,675.00,-1231.00
1.91913700103759765625,-39.00,639.00,-1487.00
1.92052793502807617188,-178.00,622.00,-1307.00
1.92165279388427734375,-228.00,558.00,-1420.00
1.92274880409240722656,-139.00,641.00,-1142.00
1.92385101318359375000,-62.00,623.00,-1396.00
1.92490100860595703125,-93.00,629.00,-1394.00
1.92594885826110839844,-106.00,657.00,-1120.00
1.92697787284851074219,-29.00,596.00,-1320.00
1.92802000045776367188,-29.00,606.00,-1531.00
1.92906594276428222656,-110.00,652.00,-1046.00
1.93011283874511718750,-55.00,643.00,-1454.00
1.93114495277404785156,-55.00,593.00,-1318.00
1.93218493461608886719,-110.00,616.00,-1313.00
1.93342185020446777344,-58.00,655.00,-1456.00
1.93461894989013671875,-151.00,636.00,-1333.00
1.93572282791137695312,-39.00,635.00,-1313.00
1.93683195114135742188,-14.00,539.00,-1361.00
1.93792390823364257812,-53.00,589.00,-1423.00
1.93901896476745605469,-151.00,665.00,-1287.00
1.94011592864990234375,-51.00,576.00,-1471.00
1.94121599197387695312,-39.00,635.00,-1163.00
1.94231700897216796875,-66.00,633.00,-1352.00
1.94340181350708007812,-90.00,620.00,-1394.00
1.94454693794250488281,-122.00,645.00,-1307.00
1.94564199447631835938,-56.00,587.00,-1248.00
1.94674491882324218750,-53.00,591.00,-1493.00
1.94784402847290039062,-67.00,628.00,-1440.00
1.94894289970397949219,-78.00,600.00,-1283.00
1.95004200935363769531,-34.00,639.00,-1411.00
1.95150685310363769531,-133.00,675.00,-1514.00
1.95266389846801757812,-60.00,637.00,-1092.00
1.96165394783020019531,-10.00,602.00,-1264.00
1.96281099319458007812,-168.00,649.00,-1256.00
1.96390700340270996094,-38.00,644.00,-1372.00
1.96496987342834472656,-117.00,672.00,-1284.00
1.96601390838623046875,-138.00,635.00,-1315.00
1.96706295013427734375,-74.00,616.00,-1443.00
1.96810483932495117188,-150.00,645.00,-1216.00
1.96915388107299804688,-133.00,620.00,-1320.00
1.97020292282104492188,-55.00,608.00,-1304.00
1.97124481201171875000,-23.00,608.00,-1494.00
1.97228789329528808594,-110.00,617.00,-1383.00
1.97332882881164550781,-114.00,619.00,-1418.00
1.97444891929626464844,12.00,636.00,-1191.00
1.97550392150878906250,-135.00,667.00,-1325.00
1.97654294967651367188,-38.00,584.00,-1394.00
1.97757983207702636719,-34.00,625.00,-1185.00
1.97861695289611816406,-103.00,664.00,-1285.00
1.97965788841247558594,-250.00,604.00,-1473.00
1.98069381713867187500,-71.00,620.00,-1376.00
1.98173880577087402344,-85.00,643.00,-1338.00
1.98278093338012695312,-256.00,565.00,-1391.00
1.98385500907897949219,-106.00,662.00,-1349.00
1.98490190505981445312,-31.00,555.00,-1383.00
1.98594284057617187500,-23.00,652.00,-1184.00
1.98699092864990234375,-82.00,649.00,-1293.00
1.98803281784057617188,-75.00,561.00,-1503.00
1.98906683921813964844,-60.00,602.00,-1126.00
1.99010801315307617188,-58.00,616.00,-1416.00
1.99114990234375000000,-29.00,584.00,-1251.00
1.99219799041748046875,-123.00,664.00,-1324.00
1.99323081970214843750,-42.00,549.00,-1408.00
1.99451780319213867188,-99.00,681.00,-1278.00
1.99562883377075195312,-58.00,649.00,-1284.00
1.99672293663024902344,-71.00,611.00,-1478.00
1.99782800674438476562,-146.00,606.00,-1427.00
1.99892282485961914062,-152.00,647.00,-1344.00
2.00001192092895507812,35.00,615.00,-1315.00
2.00110387802124023438,-183.00,681.00,-1414.00
2.00220298767089843750,-59.00,613.00,-1302.00
2.00330495834350585938,-91.00,641.00,-1276.00
2.00439500808715820312,-117.00,619.00,-1485.00
2.00618386268615722656,-43.00,591.00,-1468.00
2.00732183456420898438,-168.00,622.00,-1304.00
2.00841689109802246094,-241.00,617.00,-1365.00
2.00951099395751953125,-10.00,542.00,-1372.00
2.01061487197875976562,-152.00,635.00,-1333.00
2.01170897483825683594,-115.00,573.00,-1432.00
2.01280498504638671875,-60.00,662.00,-1260.00
2.01391601562500000000,-66.00,589.00,-1329.00
2.01500701904296875000,-97.00,616.00,-1325.00
2.01610493659973144531,-171.00,682.00,-1183.00
2.01720380783081054688,-55.00,595.00,-1386.00
2.01829886436462402344,-94.00,620.00,-1388.00
2.01939201354980468750,-102.00,631.00,-1225.00
2.02048087120056152344,-65.00,628.00,-1441.00
2.02158284187316894531,-122.00,611.00,-1456.00
2.02267599105834960938,15.00,592.00,-1459.00
2.02381896972656250000,-98.00,652.00,-1276.00
2.02491497993469238281,-229.00,604.00,-1344.00
2.02601194381713867188,-147.00,632.00,-1347.00
2.02710199356079101562,-56.00,636.00,-1340.00
2.02819800376892089844,-6.00,613.00,-1380.00
2.02929282188415527344,-131.00,668.00,-1169.00
2.03038883209228515625,-95.00,592.00,-1296.00
2.03148698806762695312,-72.00,584.00,-1287.00
2.03258085250854492188,-159.00,612.00,-1476.00
2.03370189666748046875,-80.00,611.00,-1371.00
2.03480982780456542969,-51.00,672.00,-1370.00
2.03590083122253417969,-2.00,608.00,-1513.00
2.03699183464050292969,-122.00,647.00,-1254.00
2.03828382492065429688,-9.00,612.00,-1376.00
2.03938984870910644531,-123.00,664.00,-1399.00
2.04048490524291992188,-90.00,665.00,-1304.00
2.04158282279968261719,-46.00,629.00,-1394.00
2.04267597198486328125,-156.00,668.00,-1481.00
2.04381680488586425781, 3.00,602.00,-1392.00
2.04492282867431640625,-104.00,645.00,-1278.00
2.04602193832397460938,-34.00,598.00,-1464.00
2.04711794853210449219,-43.00,612.00,-1431.00
2.04820990562438964844,-109.00,684.00,-1318.00
2.04929590225219726562,-131.00,625.00,-1205.00
2.05038285255432128906,-27.00,633.00,-1420.00
2.05148601531982421875,-98.00,664.00,-1254.00
2.05258083343505859375,-11.00,660.00,-1260.00
2.05368685722351074219,-71.00,639.00,-1445.00
2.05478191375732421875,-70.00,609.00,-1521.00
2.05587387084960937500,-74.00,596.00,-1444.00
2.05697083473205566406,-65.00,616.00,-1301.00
2.05805897712707519531,-10.00,597.00,-1332.00
2.05915379524230957031,-135.00,632.00,-1489.00
2.06023192405700683594,-117.00,615.00,-1361.00
2.06132388114929199219,-30.00,584.00,-1370.00
2.06242680549621582031,-25.00,596.00,-1434.00
2.06353497505187988281,-114.00,645.00,-1264.00
2.06463193893432617188,-51.00,580.00,-1496.00
2.06572079658508300781,-76.00,640.00,-1106.00
2.06681299209594726562,-107.00,616.00,-1362.00
2.06789994239807128906,-98.00,584.00,-1462.00
2.06899499893188476562,-50.00,662.00,-1267.00
2.07008886337280273438,-70.00,682.00,-1499.00
2.07118296623229980469,-99.00,622.00,-1488.00
2.07227683067321777344,-90.00,653.00,-1248.00
2.07336497306823730469,-101.00,647.00,-1482.00
2.07451200485229492188,-155.00,591.00,-1465.00
2.07560682296752929688,-17.00,625.00,-1480.00
2.07669496536254882812,-72.00,629.00,-1302.00
2.07778000831604003906,-17.00,612.00,-1472.00
2.07923388481140136719,-130.00,662.00,-1235.00
2.08033299446105957031,-46.00,603.00,-1305.00