
0.00118994712829589844,-110.00,-158.00,-1495.00
0.00310492515563964844,-103.00,-133.00,-1438.00
0.00461196899414062500,-63.00,-151.00,-1463.00
0.00610208511352539062,-80.00,-120.00,-1484.00
0.01233005523681640625,-74.00,-102.00,-1443.00
0.01375198364257812500,-110.00,-139.00,-1479.00
0.01517009735107421875,-87.00,-94.00,-1480.00
0.01659202575683593750,-94.00,-146.00,-1431.00
0.01807713508605957031,-102.00,-135.00,-1470.00
0.01953911781311035156,-93.00,-115.00,-1479.00
0.02114200592041015625,-94.00,-91.00,-1479.00
0.02817201614379882812,-70.00,-152.00,-1464.00
0.03123307228088378906,-45.00,-134.00,-1498.00
0.03274297714233398438,-93.00,-113.00,-1488.00
0.03603911399841308594,-65.00,-144.00,-1516.00
0.04094600677490234375,-80.00,-146.00,-1503.00
0.04288411140441894531,-82.00,-122.00,-1484.00
0.04433107376098632812,-94.00,-129.00,-1491.00
0.04578614234924316406,-43.00,-98.00,-1491.00
0.04876613616943359375,-114.00,-119.00,-1479.00
0.05033302307128906250,-45.00,-133.00,-1491.00
0.05640316009521484375,-80.00,-109.00,-1468.00
0.05785799026489257812,-62.00,-142.00,-1476.00
0.05928206443786621094,-78.00,-123.00,-1496.00
0.06068015098571777344,-114.00,-111.00,-1519.00
0.06214094161987304688,-76.00,-163.00,-1441.00
0.06363606452941894531,-118.00,-162.00,-1464.00
0.06533694267272949219,-106.00,-115.00,-1519.00
0.07106399536132812500,-71.00,-155.00,-1412.00
0.07250308990478515625,-98.00,-158.00,-1495.00
0.07391405105590820312,-58.00,-107.00,-1423.00
0.07534003257751464844,-70.00,-109.00,-1438.00
0.07679605484008789062,-86.00,-109.00,-1294.00
0.07829093933105468750,-79.00,-133.00,-1535.00
0.07976007461547851562,-83.00,-133.00,-1521.00
0.09093713760375976562,-126.00,-123.00,-1480.00
0.09239792823791503906,-25.00,-154.00,-1533.00
0.09405899047851562500,-102.00,-124.00,-1394.00
0.09554100036621093750,-50.00,-150.00,-1411.00
0.09714508056640625000,-56.00,-147.00,-1544.00
0.10076713562011718750,-11.00,-142.00,-1441.00
0.10271906852722167969,-54.00,-106.00,-1459.00
0.10462403297424316406,-45.00,-135.00,-1347.00
0.11110806465148925781,-187.00,-140.00,-1409.00
0.11777615547180175781,-221.00,-134.00,-1483.00
0.11920094490051269531,-129.00,-147.00,-1459.00
0.12072014808654785156,-83.00,-95.00,-1555.00
0.12221908569335937500,-170.00,-152.00,-1378.00
0.12373805046081542969,-220.00,-159.00,-1487.00
0.13056302070617675781,22.00,-117.00,-1661.00
0.13761901855468750000,-167.00,-186.00,-1409.00
0.13915300369262695312,-181.00,-80.00,-1375.00
0.14465904235839843750,-204.00,-214.00,-1932.00
0.14615011215209960938,-280.00,-127.00,-1249.00
0.14780116081237792969,-2.00,-138.00,-1183.00
0.15443110466003417969,-188.00,-19.00,-1312.00
0.15667295455932617188,-75.00,-38.00,-1491.00
0.15929698944091796875,-104.00,-133.00,-1560.00
0.16087508201599121094,39.00,-103.00,-1376.00
0.16299200057983398438,-13.00,-183.00,-1475.00
0.17246007919311523438,-54.00,-159.00,-1311.00
0.17877507209777832031,-97.00,-146.00,-1398.00
0.18038892745971679688,-71.00,-140.00,-1366.00
0.18269205093383789062,-6.00,-69.00,-1683.00
0.18997192382812500000,-178.00,-113.00,-1503.00
0.19516706466674804688,-106.00,-130.00,-1641.00
0.19661712646484375000,-115.00,-123.00,-1419.00
0.19804096221923828125,-74.00,-106.00,-1518.00
0.19946599006652832031,210.00,-119.00,-1515.00
0.20108699798583984375,-75.00,-119.00,-1491.00
0.20257210731506347656,-120.00,-115.00,-1521.00
0.20405602455139160156,-45.00,-122.00,-1552.00
0.21655607223510742188,-120.00,-107.00,-1515.00
0.21800994873046875000,-56.00,-90.00,-1553.00
0.21974992752075195312,-26.00,-127.00,-1489.00
0.22456693649291992188,-51.00,-152.00,-1419.00
0.23093199729919433594,-42.00,-163.00,-1563.00
0.23449110984802246094,-110.00,-63.00,-1543.00
0.23592114448547363281,-133.00,-158.00,-1480.00
0.23742604255676269531,-109.00,-164.00,-1624.00
0.24098896980285644531,-60.00,-140.00,-1283.00
0.24888396263122558594,-78.00,-164.00,-1588.00
0.25068402290344238281,-166.00,-135.00,-1488.00
0.25219798088073730469,-129.00,-175.00,-1335.00
0.25370311737060546875,-49.00,-131.00,-1551.00
0.25720810890197753906,-154.00,-135.00,-1492.00
0.25896811485290527344,-152.00,-80.00,-1440.00
0.26973414421081542969,-46.00,-142.00,-1364.00
0.27532696723937988281,-109.00,-129.00,-1354.00
0.27782702445983886719,-46.00,-154.00,-1547.00
0.29056000709533691406,-90.00,-97.00,-1495.00
0.29636096954345703125,-98.00,-117.00,-1443.00
0.29786205291748046875,186.00,-146.00,-1566.00
0.30093002319335937500,-103.00,-117.00,-1440.00
0.30244612693786621094,-118.00,-103.00,-1489.00
0.31002902984619140625,-33.00,-127.00,-1791.00
0.31970095634460449219,-54.00,-158.00,-1515.00
0.32111096382141113281,-89.00,-143.00,-1455.00
0.32247614860534667969,-66.00,-117.00,-1332.00
0.32387208938598632812,-177.00,-104.00,-1352.00
0.32537794113159179688,-11.00,-166.00,-1564.00
0.32689094543457031250,-56.00,-143.00,-1651.00
0.33366298675537109375,-75.00,-127.00,-1380.00
0.34091806411743164062,-103.00,-158.00,-1658.00
0.34274911880493164062,-95.00,-124.00,-1344.00
0.34424304962158203125,-53.00,-113.00,-1328.00
0.34567904472351074219,-139.00,-122.00,-1643.00
0.35097599029541015625,-146.00,-147.00,-1318.00
0.35242199897766113281,-49.00,-115.00,-1745.00
0.35394597053527832031,-118.00,-93.00,-1344.00
0.35534501075744628906,-11.00,-124.00,-1547.00
0.35680508613586425781,-127.00,-103.00,-1406.00
0.37095808982849121094,-63.00,-114.00,-1307.00
0.37247014045715332031,165.00,-138.00,-1441.00
0.37398195266723632812,-65.00,-127.00,-1537.00
0.38143992424011230469,-26.00,-114.00,-1688.00
0.38329195976257324219,-118.00,-117.00,-1552.00
0.38505792617797851562,-187.00,-134.00,-1362.00
0.39055299758911132812,-93.00,-99.00,-1621.00
0.39194011688232421875,-184.00,-90.00,-1307.00
0.39338493347167968750,-47.00,-171.00,-1601.00
0.39481306076049804688,-130.00,-101.00,-1375.00
0.39627504348754882812,-47.00,-152.00,-1546.00
0.41078996658325195312,-87.00,-106.00,-1544.00
0.41224503517150878906,-99.00,-136.00,-1348.00
0.41364407539367675781,-37.00,-213.00,-1310.00
0.41505908966064453125,-163.00,-94.00,-1380.00
0.41653299331665039062,182.00,-118.00,-1595.00
0.41802406311035156250,-195.00,-103.00,-1412.00
0.42585206031799316406,-78.00,-162.00,-1524.00
0.43087196350097656250,-134.00,-155.00,-1320.00
0.43227505683898925781,-56.00,-191.00,-1552.00
0.43366098403930664062,-101.00,-74.00,-1391.00
0.43509912490844726562,-11.00,-170.00,-1566.00
0.44233703613281250000,-177.00,-184.00,-1384.00
0.44378614425659179688,-49.00,-127.00,-1632.00
0.44518709182739257812,-45.00,-143.00,-1459.00
0.44665098190307617188, 5.00,-113.00,-1439.00
0.44813299179077148438,-109.00,-72.00,-1480.00
0.46068596839904785156,-40.00,-106.00,-1653.00
0.46213006973266601562,-139.00,-101.00,-1316.00
0.46358203887939453125,-123.00,-82.00,-1353.00
0.47080707550048828125,190.00,-91.00,-1482.00
0.47225809097290039062,-63.00,-200.00,-1595.00
0.47373700141906738281,-85.00,-102.00,-1392.00
0.47521710395812988281,-50.00,-168.00,-1470.00
0.47669410705566406250,-111.00,-66.00,-1440.00
0.49072813987731933594,-63.00,-144.00,-1448.00
0.49216103553771972656,-5.00,-154.00,-1564.00
0.49358296394348144531,-170.00,-102.00,-1407.00
0.49500393867492675781,-101.00,-146.00,-1467.00
0.49649906158447265625,-95.00,-130.00,-1555.00
0.49800395965576171875,-186.00,-140.00,-1454.00
0.49959897994995117188,-107.00,-158.00,-1588.00
0.50993108749389648438,-155.00,-139.00,-1589.00
0.51137709617614746094,-119.00,-139.00,-1444.00
0.51279211044311523438,-67.00,-139.00,-1499.00
0.51426100730895996094,-85.00,-110.00,-1449.00
0.51575303077697753906,-47.00,-166.00,-1408.00
0.53074002265930175781,-33.00,-138.00,-1400.00
0.53216910362243652344,-69.00,-109.00,-1395.00
0.53353214263916015625,-82.00,-83.00,-1415.00
0.53492093086242675781, 9.00,-150.00,-1764.00
0.53633499145507812500,-86.00,-102.00,-1331.00
0.53777694702148437500,-31.00,-110.00,-1458.00
0.53922104835510253906,-106.00,-95.00,-1608.00
0.54351902008056640625,-106.00,-98.00,-1597.00
0.54494905471801757812,-127.00,-188.00,-1542.00
0.54635715484619140625,-79.00,-144.00,-1679.00
0.54784297943115234375,-91.00,-150.00,-1573.00
0.56081295013427734375,-78.00,-174.00,-1468.00
0.56233406066894531250,-62.00,-167.00,-1768.00
0.57100296020507812500,-80.00,-163.00,-1478.00
0.57253694534301757812,-78.00,-118.00,-1383.00
0.57475805282592773438,-134.00,-102.00,-1427.00
0.58080315589904785156,-178.00,-155.00,-1365.00
0.59011292457580566406,-14.00,-152.00,-1738.00
0.59159398078918457031,-85.00,-146.00,-1348.00
0.59354305267333984375,-45.00,-152.00,-1547.00
0.61037993431091308594,-78.00,-70.00,-1552.00
0.61186313629150390625,-151.00,-72.00,-1324.00
0.61331200599670410156,-51.00,-95.00,-1396.00
0.61537694931030273438,-7.00,-138.00,-1331.00
0.62443494796752929688,-147.00,-162.00,-1471.00
0.62588596343994140625,-63.00,-104.00,-1550.00
0.62842798233032226562,-103.00,-173.00,-1519.00
0.63822507858276367188,-49.00,-170.00,-1378.00
0.64811801910400390625,-54.00,-146.00,-1582.00
0.64962196350097656250,-126.00,-87.00,-1466.00
0.65122604370117187500,-42.00,-126.00,-1536.00
0.65269708633422851562,-170.00,-120.00,-1428.00
0.65421605110168457031,-62.00,-150.00,-1427.00
0.66074800491333007812,-1.00,-71.00,-1443.00
0.66479802131652832031,-38.00,-149.00,-1513.00
0.66627597808837890625,-156.00,-114.00,-1537.00
0.66776013374328613281,-55.00,-140.00,-1502.00
0.67148113250732421875,-23.00,-131.00,-1718.00
0.67409515380859375000,-55.00,-152.00,-1765.00
0.69509005546569824219,-90.00,-98.00,-1436.00
0.70092892646789550781,-39.00,-103.00,-1460.00
0.70301508903503417969,-74.00,-193.00,-1531.00
0.70461010932922363281,12.00,-115.00,-1670.00
0.71361994743347167969,-55.00,-139.00,-1283.00
0.71507310867309570312,-70.00,-99.00,-1483.00
0.71650195121765136719,-177.00,-117.00,-1362.00
0.71793293952941894531,-50.00,-85.00,-1667.00
0.72010898590087890625,-38.00,-147.00,-1380.00
0.74057602882385253906,-123.00,-131.00,-1607.00
0.74194908142089843750,-83.00,-139.00,-1420.00
0.74338293075561523438,-42.00,-158.00,-1460.00
0.74543404579162597656,-123.00,-142.00,-1435.00
0.74693703651428222656,-63.00,-117.00,-1449.00
0.75094294548034667969,-49.00,-129.00,-1648.00
0.75234508514404296875,-126.00,-113.00,-1473.00
0.75374197959899902344,-45.00,-140.00,-1754.00
0.75518608093261718750,-138.00,-139.00,-1466.00
0.75668406486511230469,-56.00,-120.00,-1532.00
0.75816297531127929688,-38.00,-144.00,-1557.00
0.75963711738586425781,-142.00,-78.00,-1336.00
0.77078795433044433594,-26.00,-107.00,-1467.00
0.78102493286132812500,-78.00,-127.00,-1451.00
0.78451514244079589844,-85.00,-122.00,-1387.00
0.78599715232849121094,-55.00,-147.00,-1489.00
0.79387092590332031250,-151.00,-147.00,-1527.00
0.79539513587951660156,-47.00,-130.00,-1429.00
0.79678201675415039062,-110.00,-94.00,-1311.00
0.79823207855224609375,-34.00,-111.00,-1557.00
0.80447006225585937500,207.00,-123.00,-1475.00
0.80602192878723144531,-122.00,-200.00,-1575.00
0.81160593032836914062,-75.00,-109.00,-1483.00
0.81697297096252441406,-117.00,-186.00,-1479.00
0.82998013496398925781,-111.00,-154.00,-1553.00
0.84047603607177734375,-22.00,-147.00,-1543.00
0.84297108650207519531,-90.00,-101.00,-1479.00
0.85018515586853027344,-19.00,-124.00,-1341.00
0.85171604156494140625,-101.00,-152.00,-1500.00
0.85319495201110839844,-104.00,-70.00,-1425.00
0.86145496368408203125,-26.00,-151.00,-1511.00
0.86295700073242187500,-33.00,-147.00,-1584.00
0.86439394950866699219,-46.00,-94.00,-1386.00
0.86581993103027343750,-13.00,-103.00,-1395.00
0.86725306510925292969,-29.00,-120.00,-1575.00
0.87096095085144042969,137.00,-124.00,-1452.00
0.87970495223999023438,-60.00,-150.00,-1500.00
0.88134002685546875000,-115.00,-91.00,-1360.00
0.90021610260009765625,-51.00,-147.00,-1694.00
0.90163397789001464844,-85.00,-164.00,-1591.00
0.90300893783569335938,-131.00,-162.00,-1434.00
0.90439796447753906250,-69.00,-158.00,-1524.00
0.90576195716857910156,-60.00,-136.00,-1504.00
0.90723896026611328125,-179.00,-98.00,-1406.00
0.90869092941284179688,-47.00,-147.00,-1627.00
0.91023111343383789062,-151.00,-72.00,-1473.00
0.91167402267456054688,161.00,-174.00,-1588.00
0.92095994949340820312,-162.00,-142.00,-1479.00
0.92250108718872070312,-85.00,-120.00,-1423.00
0.92398405075073242188,-46.00,-89.00,-1395.00
0.92544102668762207031,-79.00,-136.00,-1361.00
0.93095111846923828125,127.00,-107.00,-1455.00
0.93239307403564453125,-62.00,-143.00,-1392.00
0.93385696411132812500,-74.00,-155.00,-1503.00
0.93565011024475097656,-111.00,-130.00,-1521.00
0.95057415962219238281,-59.00,-70.00,-1392.00
0.95203304290771484375,-27.00,-129.00,-1577.00
0.95346713066101074219,-127.00,-150.00,-1524.00
0.95495510101318359375,-31.00,-107.00,-1340.00
0.97678995132446289062,-33.00,-155.00,-1478.00
0.97820901870727539062,-37.00,-147.00,-1515.00
0.97962498664855957031,-95.00,-118.00,-1340.00
0.98116993904113769531,-26.00,-187.00,-1626.00
0.98262500762939453125,-122.00,-123.00,-1391.00
0.98408794403076171875,-19.00,-179.00,-1690.00
0.98551297187805175781,-135.00,-138.00,-1394.00
0.99099493026733398438,-43.00,-103.00,-1356.00
0.99252104759216308594,-146.00,-130.00,-1336.00
0.99401998519897460938,-129.00,-103.00,-1607.00
0.99551010131835937500,-152.00,-155.00,-1348.00
1.00093293190002441406,-31.00,-162.00,-1524.00
1.00499296188354492188,-118.00,-151.00,-1482.00
1.00642609596252441406,-134.00,-131.00,-1777.00
1.00784397125244140625,-136.00,-101.00,-1443.00
1.00931906700134277344,-54.00,-155.00,-1459.00
1.02156805992126464844,-94.00,-95.00,-1482.00
1.02301597595214843750,-97.00,-110.00,-1386.00
1.02542614936828613281,-238.00,-136.00,-1507.00
1.02704095840454101562,-27.00,-124.00,-1324.00
1.02854013442993164062,-18.00,-146.00,-1577.00
1.03399205207824707031,-59.00,-78.00,-1384.00
1.03720402717590332031,-130.00,-110.00,-1375.00
1.03871893882751464844,-1.00,-160.00,-1587.00
1.06095194816589355469,-175.00,-118.00,-1407.00
1.06240892410278320312,-30.00,-111.00,-1399.00
1.06383800506591796875,-11.00,-143.00,-1679.00
1.06532096862792968750,-39.00,-164.00,-1588.00
1.06678414344787597656,-134.00,-129.00,-1398.00
1.06824898719787597656,-56.00,-91.00,-1528.00
1.06971812248229980469,-118.00,-123.00,-1567.00
1.08109998703002929688,-99.00,-99.00,-1472.00
1.08262610435485839844,-40.00,-181.00,-1539.00
1.08414316177368164062,-129.00,-155.00,-1384.00
1.09095406532287597656,-103.00,-173.00,-1529.00
1.09290194511413574219,-85.00,-111.00,-1445.00
1.09439206123352050781,-62.00,-111.00,-1591.00
1.10072803497314453125,-154.00,-111.00,-1386.00
1.10216403007507324219,-140.00,-117.00,-1340.00
1.10365915298461914062,-154.00,-114.00,-1408.00
1.10513710975646972656,-46.00,-158.00,-1557.00
1.12075996398925781250,-146.00,-150.00,-1396.00
1.12220311164855957031,-13.00,-110.00,-1551.00
1.12361502647399902344,-106.00,-97.00,-1364.00
1.12501907348632812500, 6.00,-197.00,-1543.00
1.13035893440246582031,-71.00,-97.00,-1659.00
1.13187909126281738281,-27.00,-133.00,-1299.00
1.14316606521606445312,-53.00,-97.00,-1423.00
1.14459514617919921875,-62.00,-144.00,-1582.00
1.14605307579040527344,-144.00,-127.00,-1386.00
1.14755415916442871094,-104.00,-98.00,-1445.00
1.15074014663696289062,-56.00,-91.00,-1479.00
1.15219902992248535156,-106.00,-119.00,-1499.00
1.16093611717224121094,-78.00,-133.00,-1612.00
1.16236400604248046875,-75.00,-123.00,-1420.00
1.16379308700561523438,-14.00,-98.00,-1489.00
1.16520500183105468750,-69.00,-129.00,-1422.00
1.16668510437011718750,-22.00,-143.00,-1456.00
1.16817593574523925781,-151.00,-54.00,-1531.00
1.16964507102966308594,-104.00,-193.00,-1342.00
1.18088197708129882812,-50.00,-119.00,-1628.00
1.18230605125427246094,-164.00,-146.00,-1429.00
1.18375992774963378906,-27.00,-154.00,-1711.00
1.20077896118164062500,-91.00,-143.00,-1605.00
1.20222115516662597656,-123.00,-143.00,-1671.00
1.20364999771118164062,-19.00,-149.00,-1520.00
1.20506000518798828125,-15.00,-155.00,-1454.00
1.20655703544616699219,-87.00,-188.00,-1527.00
1.20804405212402343750,-149.00,-107.00,-1515.00
1.20950603485107421875,-55.00,-174.00,-1575.00
1.22251200675964355469,-163.00,-127.00,-1463.00
1.22408008575439453125,-74.00,-186.00,-1705.00
1.22570204734802246094,-71.00,-156.00,-1512.00
1.22875094413757324219,-230.00,-131.00,-1515.00
1.23270010948181152344,-75.00,-155.00,-1505.00
1.24897813796997070312,-58.00,-130.00,-1509.00
1.25044703483581542969,-107.00,-115.00,-1487.00
1.25189399719238281250,-51.00,-147.00,-1529.00
1.25329995155334472656,-147.00,-133.00,-1321.00
1.25476694107055664062,-69.00,-177.00,-1605.00
1.26240301132202148438,-109.00,-127.00,-1537.00
1.26392507553100585938,-134.00,-129.00,-1436.00
1.27697515487670898438,-149.00,-170.00,-1352.00
1.27840995788574218750,-35.00,-152.00,-1400.00
1.27993512153625488281,-138.00,-80.00,-1591.00
1.28161501884460449219,-124.00,-135.00,-1580.00
1.28311014175415039062,-97.00,-133.00,-1386.00
1.28459095954895019531,-152.00,-152.00,-1533.00
1.29149198532104492188,-5.00,-115.00,-1398.00
1.29293203353881835938,-146.00,-156.00,-1313.00
1.29439902305603027344,-5.00,-151.00,-1515.00
1.31057500839233398438,-54.00,-110.00,-1596.00
1.31201696395874023438,-152.00,-147.00,-1634.00
1.31345701217651367188,-34.00,-115.00,-1362.00
1.31493902206420898438,-23.00,-134.00,-1582.00
1.33039498329162597656,-171.00,-62.00,-1376.00
1.33182692527770996094,-38.00,-110.00,-1355.00
1.33325004577636718750,-110.00,-147.00,-1635.00
1.33468794822692871094,-74.00,-101.00,-1448.00
1.33613514900207519531,-54.00,-149.00,-1527.00
1.33761215209960937500,-72.00,-150.00,-1331.00
1.33911705017089843750,-5.00,-188.00,-1521.00
1.34389710426330566406,-188.00,-122.00,-1329.00
1.34530210494995117188,-202.00,-80.00,-1499.00
1.34670805931091308594,-31.00,-167.00,-1555.00
1.34820008277893066406,-144.00,-94.00,-1419.00
1.37048006057739257812,-42.00,-164.00,-1593.00
1.37192702293395996094,-95.00,-87.00,-1472.00
1.37341499328613281250,-113.00,-144.00,-1587.00
1.37507104873657226562,-101.00,-131.00,-1456.00
1.37659692764282226562,-86.00,-147.00,-1540.00
1.38092899322509765625,-87.00,-115.00,-1353.00
1.38231706619262695312,-159.00,-110.00,-1320.00
1.38373398780822753906,-87.00,-154.00,-1566.00
1.38513612747192382812,-146.00,-139.00,-1435.00
1.38661813735961914062,-65.00,-103.00,-1459.00
1.38809800148010253906,-31.00,-142.00,-1451.00
1.40026712417602539062,-90.00,-138.00,-1365.00
1.40519309043884277344,-63.00,-142.00,-1547.00
1.40663909912109375000,-158.00,-159.00,-1467.00
1.40811109542846679688,-109.00,-158.00,-1605.00
1.40963101387023925781,-136.00,-106.00,-1475.00
1.41174912452697753906,146.00,-130.00,-1670.00
1.41758704185485839844,-101.00,-159.00,-1759.00
1.41909694671630859375,-163.00,-142.00,-1445.00
1.44043397903442382812,-53.00,-179.00,-1432.00
1.44244194030761718750,-26.00,-147.00,-1525.00
1.44626808166503906250,-140.00,-144.00,-1406.00
1.44771599769592285156,-67.00,-188.00,-1468.00
1.44919204711914062500,-111.00,-127.00,-1292.00
1.45068311691284179688,-117.00,-130.00,-1438.00
1.45217895507812500000,-10.00,-110.00,-1366.00
1.45366907119750976562,-5.00,-138.00,-1327.00
1.46627306938171386719,-110.00,-120.00,-1447.00
1.46767115592956542969,-104.00,-126.00,-1359.00
1.46913099288940429688,-39.00,-138.00,-1513.00
1.47068309783935546875,-97.00,-151.00,-1537.00
1.47999715805053710938,-154.00,-136.00,-1399.00
1.48300004005432128906,-15.00,-117.00,-1409.00
1.49077415466308593750,-59.00,-160.00,-1415.00
1.49234414100646972656,-6.00,-146.00,-1564.00
1.49376893043518066406,-156.00,-75.00,-1334.00
1.49526214599609375000,-72.00,-150.00,-1573.00
1.50998592376708984375,-143.00,-107.00,-1399.00
1.51152515411376953125,-59.00,-142.00,-1487.00
1.51295995712280273438,-156.00,-129.00,-1431.00
1.51446604728698730469,-43.00,-123.00,-1556.00
1.51595497131347656250,-110.00,-98.00,-1322.00
1.51745796203613281250,-31.00,-168.00,-1359.00
1.53074407577514648438,-146.00,-87.00,-1317.00
1.53217005729675292969,-39.00,-152.00,-1678.00
1.53354096412658691406,-118.00,-139.00,-1416.00
1.53499603271484375000,-55.00,-134.00,-1436.00
1.53645896911621093750,-78.00,-110.00,-1383.00
1.53794312477111816406,-42.00,-129.00,-1315.00
1.53937005996704101562,-166.00,-78.00,-1371.00
1.54377603530883789062,-244.00,-134.00,-1400.00
1.54518699645996093750,-7.00,-175.00,-1563.00
1.54659509658813476562,-118.00,-174.00,-1467.00
1.54801201820373535156,-110.00,-123.00,-1513.00
1.54949808120727539062,-25.00,-167.00,-1557.00
1.56883597373962402344,-133.00,-163.00,-1472.00
1.57778310775756835938,-86.00,-103.00,-1479.00
1.57914614677429199219,-181.00,-147.00,-1459.00
1.58059692382812500000,-90.00,-111.00,-1511.00
1.58195614814758300781,-118.00,-133.00,-1328.00
1.58335113525390625000,225.00,-194.00,-1492.00
1.58472704887390136719,-23.00,-149.00,-1631.00
1.58628106117248535156,-190.00,-93.00,-1422.00
1.59097599983215332031,-55.00,-173.00,-1575.00
1.60087513923645019531,-143.00,-162.00,-1536.00
1.60226893424987792969,-65.00,-151.00,-1383.00
1.60365104675292968750,-46.00,-109.00,-1472.00
1.60828495025634765625,-42.00,-166.00,-1573.00
1.60993695259094238281,-55.00,-117.00,-1416.00
1.61235404014587402344,-35.00,-106.00,-1443.00
1.61375308036804199219,-101.00,-110.00,-1376.00
1.61652112007141113281,-98.00,-67.00,-1382.00
1.63095211982727050781,-113.00,-197.00,-1529.00
1.63508510589599609375,-80.00,-104.00,-1518.00
1.63651895523071289062,-134.00,-147.00,-1424.00
1.63803315162658691406,-86.00,-123.00,-1580.00
1.64286994934082031250,-104.00,-151.00,-1419.00
1.65078306198120117188,-30.00,-150.00,-1659.00
1.66068816184997558594,-14.00,-140.00,-1588.00
1.66212010383605957031,-136.00,-154.00,-1360.00
1.66353011131286621094,-42.00,-158.00,-1763.00
1.66498613357543945312,-134.00,-97.00,-1495.00
1.66644406318664550781,-87.00,-115.00,-1376.00
1.67015099525451660156,11.00,-154.00,-1588.00
1.67240595817565917969,-86.00,-120.00,-1438.00
1.69708800315856933594,-45.00,-134.00,-1524.00
1.69853496551513671875,-93.00,-115.00,-1327.00
1.69992709159851074219,-11.00,-152.00,-1768.00
1.70131993293762207031,-117.00,-111.00,-1473.00
1.70274114608764648438,-49.00,-99.00,-1486.00
1.70422196388244628906,-90.00,-150.00,-1480.00
1.71999406814575195312,-138.00,-86.00,-1486.00
1.72158098220825195312,-97.00,-104.00,-1500.00
1.72303199768066406250,-31.00,-123.00,-1347.00
1.72444701194763183594,-49.00,-135.00,-1434.00
1.72590613365173339844,-123.00,-95.00,-1422.00
1.72738409042358398438,-6.00,-124.00,-1732.00
1.74075794219970703125,-98.00,-149.00,-1468.00
1.74233603477478027344,-106.00,-154.00,-1356.00
1.74380803108215332031,-101.00,-164.00,-1622.00
1.74529409408569335938,-204.00,-85.00,-1487.00
1.75323200225830078125,-138.00,-127.00,-1382.00
1.75467801094055175781,-37.00,-117.00,-1483.00
1.75611114501953125000,-107.00,-72.00,-1438.00
1.75757694244384765625,-54.00,-106.00,-1463.00
1.75905394554138183594,-245.00,-204.00,-1569.00
1.78077101707458496094,-188.00,-136.00,-1505.00
1.78219914436340332031,-134.00,-75.00,-1488.00
1.78360795974731445312,-35.00,-119.00,-1567.00
1.78507304191589355469,-182.00,-72.00,-1443.00
1.79588413238525390625,-54.00,-151.00,-1617.00
1.80076098442077636719,-131.00,-131.00,-1791.00
1.80231595039367675781,-135.00,-98.00,-1443.00
1.81104803085327148438,-46.00,-126.00,-1422.00
1.81312894821166992188,-15.00,-138.00,-1560.00
1.81673908233642578125,-120.00,-150.00,-1507.00
1.82182312011718750000,-120.00,-103.00,-1352.00
1.84061312675476074219,-78.00,-182.00,-1528.00
1.84358811378479003906,-144.00,-130.00,-1784.00
1.84509301185607910156,-136.00,-80.00,-1460.00
1.84658598899841308594,-53.00,-140.00,-1556.00
1.84997105598449707031,-150.00,-127.00,-1468.00
1.85298609733581542969,-251.00,-91.00,-1379.00
1.85452699661254882812,-42.00,-98.00,-1374.00
1.86322593688964843750,-119.00,-158.00,-1599.00
1.86469912528991699219,-147.00,-130.00,-1356.00
1.86637616157531738281,-210.00,-122.00,-1409.00
1.86788797378540039062, 9.00,-166.00,-1742.00
1.86941099166870117188,-89.00,-151.00,-1551.00
1.88435697555541992188,-146.00,-130.00,-1726.00
1.88584995269775390625,-79.00,-135.00,-1347.00
1.89092707633972167969,-39.00,-167.00,-1539.00
1.89237904548645019531,-102.00,-131.00,-1420.00
1.89380502700805664062,-89.00,-122.00,-1406.00
1.89533495903015136719,-46.00,-146.00,-1331.00
1.90998792648315429688,-155.00,-80.00,-1519.00
1.91163992881774902344,-102.00,-101.00,-1361.00
1.91305708885192871094,-3.00,-211.00,-1420.00
1.91483116149902343750,-120.00,-115.00,-1349.00
1.93077611923217773438,-51.00,-118.00,-1420.00
1.93222212791442871094,-19.00,-131.00,-1543.00
1.93363213539123535156,-35.00,-101.00,-1338.00
1.93508410453796386719,-127.00,-93.00,-1423.00
1.93655514717102050781,-39.00,-147.00,-1577.00
1.93804907798767089844,-142.00,-91.00,-1301.00
1.94296312332153320312,-34.00,-136.00,-1588.00
1.94440197944641113281,-114.00,-62.00,-1507.00
1.94589209556579589844,169.00,-114.00,-1595.00
1.94738197326660156250,-144.00,-101.00,-1383.00
1.96082401275634765625,-79.00,-126.00,-1560.00
1.96999406814575195312,-86.00,-104.00,-1361.00
1.97443914413452148438,-33.00,-160.00,-1317.00
1.97590303421020507812,-154.00,-113.00,-1455.00
1.97732496261596679688,-143.00,-162.00,-1548.00
1.97874712944030761719,-78.00,-178.00,-1448.00
1.98031806945800781250,-159.00,-167.00,-1459.00
1.98181605339050292969,-90.00,-168.00,-1525.00
1.98331403732299804688,-126.00,-76.00,-1411.00
2.00077795982360839844,-25.00,-115.00,-1533.00
2.00214505195617675781,-90.00,-122.00,-1422.00
2.00346803665161132812,-103.00,-174.00,-1498.00
2.00480794906616210938,-35.00,-107.00,-1408.00
2.00623607635498046875,-87.00,-99.00,-1353.00
2.00768899917602539062,-74.00,-140.00,-1523.00
2.01281809806823730469,-93.00,-163.00,-1551.00
2.01432800292968750000,-66.00,-90.00,-1302.00
2.01699495315551757812,-120.00,-62.00,-1411.00
2.02202296257019042969,-76.00,-107.00,-1402.00
2.03084611892700195312,-54.00,-110.00,-1337.00
2.03229212760925292969,-25.00,-154.00,-1478.00
2.03377509117126464844,-98.00,-140.00,-1479.00
2.04091811180114746094,-101.00,-133.00,-1512.00
2.05118203163146972656,-130.00,-166.00,-1543.00
2.05261492729187011719,-171.00,-89.00,-1408.00
2.05404114723205566406,-30.00,-177.00,-1424.00
2.05551910400390625000,-69.00,-175.00,-1509.00
2.05700707435607910156,-60.00,-139.00,-1478.00
2.06689000129699707031,-42.00,-118.00,-1428.00
2.07114315032958984375,-15.00,-159.00,-1620.00
2.07266712188720703125,-113.00,-51.00,-1321.00
2.08267498016357421875,-43.00,-122.00,-1428.00
2.09368205070495605469,-97.00,-102.00,-1484.00
2.09500694274902343750,-89.00,-109.00,-1397.00
2.09632301330566406250,-133.00,-63.00,-1476.00
2.09768104553222656250,-72.00,-178.00,-1548.00
2.09910798072814941406,-80.00,-98.00,-1436.00
2.10067200660705566406,-78.00,-134.00,-1408.00
2.11076211929321289062,-69.00,-144.00,-1399.00
2.11229109764099121094,-18.00,-149.00,-1456.00
2.11378312110900878906,-85.00,-109.00,-1499.00
2.12089109420776367188,-42.00,-106.00,-1394.00
2.12232494354248046875,-25.00,-150.00,-1458.00
2.12371993064880371094,-17.00,-142.00,-1310.00
2.12509894371032714844,-126.00,-89.00,-1327.00
2.12656092643737792969,-79.00,-168.00,-1601.00
2.12806797027587890625,-140.00,-115.00,-1687.00
2.14112997055053710938,-85.00,-142.00,-1500.00
2.14324593544006347656,-65.00,-135.00,-1599.00
2.14495205879211425781,-142.00,-139.00,-1603.00
2.15611505508422851562,-117.00,-164.00,-1487.00
2.15801906585693359375,-109.00,-106.00,-1509.00
2.15942907333374023438,-71.00,-134.00,-1769.00
2.16085600852966308594,-114.00,-104.00,-1447.00
2.16228103637695312500,-94.00,-127.00,-1438.00
2.16779994964599609375,-72.00,-135.00,-1313.00
2.16929793357849121094,-62.00,-103.00,-1452.00
2.19078612327575683594,-151.00,-149.00,-1419.00
2.19226002693176269531,-55.00,-164.00,-1585.00
2.19368815422058105469,-163.00,-139.00,-1434.00
2.19511914253234863281,-109.00,-123.00,-1414.00
2.19654393196105957031,-55.00,-173.00,-1567.00
2.19805097579956054688,-124.00,-94.00,-1424.00
2.19954705238342285156,-82.00,-127.00,-1749.00
2.20112299919128417969,-134.00,-164.00,-1447.00
2.21124005317687988281,-119.00,-127.00,-1464.00
2.21565413475036621094,-107.00,-118.00,-1672.00
2.21710014343261718750,-72.00,-151.00,-1601.00
2.21850705146789550781,-97.00,-54.00,-1452.00
2.24017095565795898438,-18.00,-107.00,-1440.00
2.24303293228149414062,-34.00,-58.00,-1382.00
2.24447512626647949219,-35.00,-152.00,-1557.00
2.24596905708312988281,-114.00,-74.00,-1379.00
2.25818300247192382812,-82.00,-114.00,-1452.00
2.25962615013122558594,-56.00,-203.00,-1552.00
2.26109600067138671875,-107.00,-104.00,-1347.00
2.26249408721923828125,-34.00,-117.00,-1511.00
2.26414799690246582031,-76.00,-72.00,-1447.00
2.26565098762512207031,-107.00,-134.00,-1463.00
2.27098202705383300781,-56.00,-109.00,-1422.00
2.27420997619628906250,-154.00,-130.00,-1428.00
2.27571702003479003906,-47.00,-139.00,-1539.00
2.28143405914306640625,-98.00,-129.00,-1317.00
2.29034495353698730469,-45.00,-155.00,-1566.00
2.29187202453613281250,-114.00,-103.00,-1364.00
2.30089902877807617188,-21.00,-135.00,-1391.00
2.31114315986633300781,-89.00,-127.00,-1524.00
2.31284093856811523438,-144.00,-69.00,-1491.00
2.31426596641540527344,-103.00,-186.00,-1488.00
2.31572604179382324219,-71.00,-168.00,-1440.00
2.31718802452087402344,-103.00,-102.00,-1427.00
2.33080792427062988281,-7.00,-135.00,-1404.00
2.33237314224243164062,-80.00,-115.00,-1306.00
2.33392000198364257812,-140.00,-147.00,-1516.00
2.33539009094238281250,-102.00,-138.00,-1360.00
2.33687901496887207031,-58.00,-97.00,-1355.00
2.33836603164672851562,-138.00,-102.00,-1418.00
2.35010695457458496094,-60.00,-110.00,-1658.00
2.35154414176940917969,-118.00,-99.00,-1351.00
2.35294198989868164062,-146.00,-114.00,-1626.00
2.35443997383117675781,-146.00,-152.00,-1362.00
2.35999107360839843750,-34.00,-142.00,-1491.00
2.37718009948730468750,-29.00,-136.00,-1462.00
2.37860298156738281250,-104.00,-122.00,-1454.00
2.38009500503540039062,-124.00,-131.00,-1358.00
2.38147592544555664062,-59.00,-111.00,-1318.00
2.38289713859558105469,-33.00,-177.00,-1630.00
2.38436913490295410156,-107.00,-143.00,-1418.00
2.38584804534912109375,-75.00,-142.00,-1559.00
2.38731098175048828125,-56.00,-85.00,-1395.00
2.39089798927307128906,-33.00,-122.00,-1423.00
2.39240908622741699219,-67.00,-166.00,-1456.00
2.40091896057128906250,-21.00,-133.00,-1447.00
2.40527415275573730469,-83.00,-109.00,-1331.00
2.40672206878662109375, 7.00,-66.00,-1429.00
2.40911006927490234375,-139.00,-80.00,-1321.00
2.41110992431640625000,-90.00,-127.00,-1500.00
2.41258597373962402344,-109.00,-119.00,-1440.00
2.43200993537902832031,-21.00,-127.00,-1732.00
2.43354606628417968750,-34.00,-139.00,-1616.00
2.43503999710083007812,-126.00,-115.00,-1448.00
2.44189810752868652344,-54.00,-138.00,-1557.00
2.44346213340759277344,-93.00,-183.00,-1591.00
2.45133805274963378906,-18.00,-135.00,-1475.00
2.45816898345947265625,-89.00,-119.00,-1447.00
2.45967912673950195312,-72.00,-127.00,-1384.00
2.46147394180297851562,-22.00,-187.00,-1533.00
2.46932315826416015625,-109.00,-82.00,-1480.00
2.47097110748291015625,-162.00,-87.00,-1365.00
2.47264695167541503906,-22.00,-138.00,-1505.00
2.48493695259094238281,-69.00,-142.00,-1444.00
2.48634004592895507812,-51.00,-136.00,-1439.00
2.48774099349975585938,-13.00,-93.00,-1406.00
2.48921704292297363281,-76.00,-159.00,-1372.00
2.49068808555603027344,-129.00,-118.00,-1379.00
2.50077414512634277344,-45.00,-163.00,-1756.00
2.50220203399658203125,-104.00,-122.00,-1398.00
2.50361299514770507812,-60.00,-154.00,-1454.00
2.50501298904418945312,-163.00,-122.00,-1505.00
2.50650000572204589844,-15.00,-124.00,-1609.00
2.50798511505126953125,-59.00,-142.00,-1353.00
2.52075195312500000000,-5.00,-103.00,-1434.00
2.52223014831542968750,-74.00,-136.00,-1552.00
2.52366304397583007812,-155.00,-98.00,-1519.00
2.52513599395751953125,-107.00,-89.00,-1636.00
2.53954195976257324219,-19.00,-104.00,-1431.00
2.54346108436584472656,-29.00,-109.00,-1379.00
2.54488992691040039062,-45.00,-135.00,-1708.00
2.54626703262329101562,-144.00,-91.00,-1500.00
2.54775309562683105469,-85.00,-130.00,-1504.00
2.55125308036804199219,-97.00,-114.00,-1470.00
2.55271005630493164062,-139.00,-142.00,-1407.00
2.56308603286743164062,-80.00,-139.00,-1500.00
2.56461215019226074219,-79.00,-103.00,-1427.00
2.56611204147338867188,-21.00,-144.00,-1480.00
2.56761813163757324219,-50.00,-142.00,-1550.00
2.57093310356140136719,-202.00,-152.00,-1387.00
2.57237410545349121094,-129.00,-101.00,-1428.00
2.57386398315429687500,-10.00,-138.00,-1595.00
2.57533001899719238281,-151.00,-71.00,-1555.00
2.59664893150329589844,-104.00,-150.00,-1523.00
2.59805512428283691406,-174.00,-117.00,-1487.00
2.59943413734436035156,-142.00,-154.00,-1525.00
2.60085105895996093750,-23.00,-138.00,-1341.00
2.60227513313293457031,-51.00,-110.00,-1312.00
2.60374593734741210938,-130.00,-91.00,-1463.00
2.60521101951599121094,-47.00,-164.00,-1560.00
2.60666108131408691406,-104.00,-80.00,-1441.00
2.62512302398681640625,-119.00,-140.00,-1525.00
2.62652015686035156250,-89.00,-82.00,-1415.00
2.62783694267272949219,-11.00,-156.00,-1557.00
2.62932014465332031250,-194.00,-120.00,-1333.00
2.63090300559997558594,-94.00,-142.00,-1360.00
2.63347911834716796875,-138.00,-102.00,-1563.00
2.63603305816650390625,10.00,-150.00,-1387.00
2.63752508163452148438,-47.00,-119.00,-1322.00
2.67021203041076660156,-25.00,-85.00,-1395.00
2.67164301872253417969,-99.00,-155.00,-1445.00
2.67304301261901855469, 3.00,-149.00,-1303.00
2.67444896697998046875,-173.00,-91.00,-1348.00
2.67590713500976562500,-60.00,-156.00,-1659.00
2.67734599113464355469,-154.00,-158.00,-1493.00
2.69099497795104980469,-79.00,-174.00,-1349.00
2.69253993034362792969,-51.00,-97.00,-1387.00
2.69764399528503417969,-18.00,-122.00,-1484.00
2.69987392425537109375,-106.00,-177.00,-1372.00
2.70758914947509765625,-175.00,-119.00,-1354.00
2.70899915695190429688,-120.00,-136.00,-1631.00
2.71046304702758789062,-129.00,-149.00,-1407.00
2.71190214157104492188,-29.00,-162.00,-1495.00
2.71334505081176757812,-54.00,-107.00,-1415.00
2.73094892501831054688,-101.00,-34.00,-1527.00
2.73745703697204589844,-160.00,-114.00,-1722.00
2.74047899246215820312,-50.00,-143.00,-1374.00
2.74189996719360351562,-58.00,-164.00,-1511.00
2.74388408660888671875,-22.00,-106.00,-1311.00
2.74530816078186035156,185.00,-111.00,-1495.00
2.74678492546081542969,-177.00,-124.00,-1527.00
2.74823808670043945312,-74.00,-124.00,-1488.00
2.76076912879943847656,-93.00,-181.00,-1493.00
2.76233100891113281250,-37.00,-138.00,-1603.00
2.77435207366943359375,-49.00,-174.00,-1537.00
2.77579092979431152344,-74.00,-163.00,-1674.00
2.77721214294433593750,-65.00,-162.00,-1533.00
2.77870297431945800781,-142.00,-117.00,-1418.00
2.79701614379882812500,-42.00,-149.00,-1572.00
2.79841709136962890625,-103.00,-130.00,-1391.00
2.79992794990539550781,-19.00,-155.00,-1390.00
2.80149197578430175781,-10.00,-149.00,-1520.00
2.80294895172119140625,-40.00,-99.00,-1340.00
2.80552601814270019531,-115.00,-127.00,-1432.00
2.80694699287414550781,-93.00,-142.00,-1528.00
2.80841708183288574219,-136.00,-89.00,-1390.00
2.81200194358825683594,-47.00,-151.00,-1294.00
2.81721210479736328125,-139.00,-107.00,-1380.00
2.81918215751647949219,-79.00,-173.00,-1783.00
2.83129096031188964844,-93.00,-117.00,-1295.00
2.83683013916015625000,-118.00,-138.00,-1386.00
2.84097504615783691406,-244.00,-66.00,-1391.00
2.84638714790344238281,-66.00,-149.00,-1589.00
2.85089802742004394531,-97.00,-158.00,-1468.00
2.85231614112854003906,-119.00,-97.00,-1493.00
2.85372900962829589844,-127.00,-117.00,-1537.00
2.85514903068542480469,-25.00,-151.00,-1445.00
2.87089610099792480469,-209.00,-131.00,-1369.00
2.87240409851074218750,-39.00,-144.00,-1525.00
2.87387299537658691406,-135.00,-97.00,-1325.00
2.88084411621093750000,-19.00,-162.00,-1412.00
2.88236904144287109375,-21.00,-111.00,-1380.00
2.88394999504089355469,-114.00,-97.00,-1555.00
2.88540697097778320312,-124.00,-130.00,-1504.00
2.89095211029052734375,-35.00,-103.00,-1467.00
2.89240598678588867188,-101.00,-106.00,-1380.00
2.89386701583862304688,-37.00,-114.00,-1758.00
2.89538097381591796875,-143.00,-101.00,-1342.00
2.89713406562805175781,-50.00,-150.00,-1728.00
2.90898203849792480469,-83.00,-74.00,-1357.00
2.91047096252441406250,-26.00,-152.00,-1553.00
2.91189193725585937500,-110.00,-71.00,-1353.00
2.91333603858947753906,-43.00,-164.00,-1464.00
2.91480708122253417969,-120.00,-147.00,-1460.00