
01:55:12.953021,712.00,-258.00,-1365.00, 5.00, 6.00, 6.00
01:55:12.960029,704.00,-258.00,-1370.00, 6.00, 6.00, 3.00
01:55:12.966885,704.00,-258.00,-1370.00, 3.00, 3.00, 3.00
01:55:12.973729,704.00,-258.00,-1370.00, 4.00, 4.00, 4.00
01:55:12.980538,704.00,-258.00,-1370.00, 4.00, 4.00, 4.00
01:55:12.990508,704.00,-258.00,-1370.00, 3.00, 3.00, 3.00
01:55:12.997274,704.00,-258.00,-1370.00, 3.00, 3.00, 3.00
01:55:13.004037,704.00,-258.00,-1370.00, 3.00, 4.00, 4.00
01:55:13.011027,704.00,-258.00,-1370.00, 4.00, 4.00, 5.00
01:55:13.018101,704.00,-258.00,-1370.00, 5.00, 5.00, 5.00
01:55:13.024775,704.00,-258.00,-1370.00, 7.00, 7.00, 7.00
01:55:13.031516,704.00,-258.00,-1370.00, 6.00, 6.00, 6.00
01:55:13.038298,704.00,-258.00,-1370.00, 2.00, 2.00, 2.00
01:55:13.045103,704.00,-258.00,-1370.00, 2.00, 2.00, 4.00
01:55:13.051913,704.00,-258.00,-1370.00, 4.00, 4.00, 4.00
01:55:13.058600,694.00,-258.00,-1367.00, 5.00, 5.00, 5.00
01:55:13.065393,694.00,-258.00,-1367.00, 3.00, 3.00, 3.00
01:55:13.072190,694.00,-258.00,-1367.00, 4.00, 4.00, 4.00
01:55:13.079041,694.00,-258.00,-1367.00, 4.00, 4.00, 6.00
01:55:13.085859,694.00,-258.00,-1367.00, 6.00, 6.00, 6.00
01:55:13.092652,694.00,-258.00,-1367.00, 7.00, 7.00, 7.00
01:55:13.099432,694.00,-258.00,-1367.00, 6.00, 6.00, 6.00
01:55:13.106194,694.00,-258.00,-1367.00, 4.00, 4.00, 4.00
01:55:13.112939,694.00,-258.00,-1367.00, 4.00, 4.00, 6.00
01:55:13.119985,694.00,-258.00,-1367.00, 6.00, 6.00, 6.00
01:55:13.127533,694.00,-258.00,-1367.00, 5.00, 5.00, 5.00
01:55:13.138069,694.00,-258.00,-1367.00, 6.00, 6.00, 6.00
01:55:13.145333,694.00,-258.00,-1367.00, 6.00, 6.00, 6.00
01:55:13.152227,694.00,-258.00,-1367.00, 6.00, 6.00, 6.00
01:55:13.159138,700.00,-258.00,-1392.00, 7.00, 7.00, 7.00
01:55:13.166762,700.00,-258.00,-1392.00, 6.00, 6.00, 6.00
01:55:13.179164,700.00,-258.00,-1392.00, 8.00, 8.00, 8.00
01:55:13.186236,700.00,-258.00,-1392.00, 5.00, 5.00, 5.00
01:55:13.192903,700.00,-258.00,-1392.00, 4.00, 4.00, 4.00
01:55:13.200560,700.00,-258.00,-1392.00, 3.00, 3.00, 3.00
01:55:13.207526,700.00,-258.00,-1392.00, 4.00, 4.00, 4.00
01:55:13.218862,700.00,-258.00,-1392.00, 6.00, 6.00, 6.00
01:55:13.231727,700.00,-258.00,-1392.00, 6.00, 6.00, 6.00
01:55:13.244825,700.00,-258.00,-1392.00, 6.00, 6.00, 6.00
01:55:13.258491,700.00,-258.00,-1394.00, 5.00, 5.00, 5.00
01:55:13.275770,700.00,-258.00,-1394.00, 2.00, 2.00, 2.00
01:55:13.282972,700.00,-258.00,-1394.00, 2.00, 5.00, 5.00
01:55:13.293795,700.00,-258.00,-1394.00, 5.00, 5.00, 4.00
01:55:13.300762,700.00,-258.00,-1394.00, 7.00, 7.00, 7.00
01:55:13.308150,700.00,-258.00,-1394.00, 7.00, 6.00, 6.00
01:55:13.314926,700.00,-258.00,-1394.00, 6.00, 6.00, 6.00
01:55:13.321752,700.00,-258.00,-1394.00, 8.00, 8.00, 8.00
01:55:13.333324,700.00,-258.00,-1394.00, 5.00, 5.00, 3.00
01:55:13.344348,700.00,-258.00,-1394.00, 3.00, 3.00, 4.00
01:55:13.351480,700.00,-258.00,-1394.00, 7.00, 7.00, 7.00
01:55:13.358206,700.00,-258.00,-1377.00, 7.00, 7.00, 6.00
01:55:13.365148,700.00,-258.00,-1377.00, 6.00, 6.00, 6.00
01:55:13.371749,700.00,-258.00,-1377.00, 4.00, 4.00, 4.00
01:55:13.377855,700.00,-258.00,-1377.00, 4.00, 4.00, 4.00
01:55:13.384164,700.00,-258.00,-1377.00, 4.00, 4.00, 4.00
01:55:13.390292,700.00,-258.00,-1377.00, 4.00, 4.00, 4.00
01:55:13.396405,700.00,-258.00,-1377.00, 2.00, 2.00, 2.00
01:55:13.402418,700.00,-258.00,-1377.00, 4.00, 4.00, 4.00
01:55:13.408493,700.00,-258.00,-1377.00, 4.00, 4.00, 7.00
01:55:13.414799,700.00,-258.00,-1377.00, 7.00, 7.00, 7.00
01:55:13.421637,700.00,-258.00,-1377.00, 4.00, 4.00, 4.00
01:55:13.427791,700.00,-258.00,-1377.00, 3.00, 3.00, 3.00
01:55:13.435267,700.00,-258.00,-1377.00, 3.00, 6.00, 6.00
01:55:13.441450,700.00,-258.00,-1377.00, 6.00, 6.00, 6.00
01:55:13.447653,700.00,-258.00,-1377.00, 5.00, 5.00, 5.00
01:55:13.453836,700.00,-258.00,-1386.00, 5.00, 5.00, 5.00
01:55:13.459980,701.00,-258.00,-1386.00, 5.00, 1.00, 1.00
01:55:13.466111,701.00,-258.00,-1386.00, 1.00, 1.00, 1.00
01:55:13.472354,701.00,-258.00,-1386.00, 3.00, 3.00, 3.00
01:55:13.478509,701.00,-258.00,-1386.00, 5.00, 5.00, 5.00
01:55:13.484634,701.00,-258.00,-1386.00, 5.00, 5.00, 4.00
01:55:13.491380,701.00,-258.00,-1386.00, 4.00, 4.00, 4.00
01:55:13.497573,701.00,-258.00,-1386.00, 5.00, 5.00, 5.00
01:55:13.503698,701.00,-258.00,-1386.00, 4.00, 4.00, 4.00
01:55:13.509815,701.00,-258.00,-1386.00, 4.00, 4.00, 5.00
01:55:13.515982,701.00,-258.00,-1386.00, 5.00, 5.00, 5.00
01:55:13.522301,701.00,-258.00,-1386.00, 5.00, 5.00, 5.00
01:55:13.528476,701.00,-258.00,-1386.00, 5.00, 6.00, 6.00
01:55:13.534598,701.00,-258.00,-1386.00, 6.00, 6.00, 6.00
01:55:13.540727,701.00,-258.00,-1386.00, 3.00, 3.00, 3.00
01:55:13.546845,701.00,-258.00,-1386.00, 4.00, 4.00, 4.00
01:55:13.552973,701.00,-258.00,-1386.00, 4.00, 4.00, 3.00
01:55:13.559172,698.00,-258.00,-1391.00, 3.00, 3.00, 3.00
01:55:13.565306,698.00,-258.00,-1391.00, 4.00, 4.00, 4.00
01:55:13.571414,698.00,-258.00,-1391.00, 4.00, 4.00, 4.00
01:55:13.577563,698.00,-258.00,-1391.00, 4.00, 4.00, 5.00
01:55:13.583712,698.00,-258.00,-1391.00, 5.00, 5.00, 5.00
01:55:13.589827,698.00,-258.00,-1391.00, 6.00, 6.00, 6.00
01:55:13.596003,698.00,-258.00,-1391.00, 6.00, 5.00, 5.00
01:55:13.602127,698.00,-258.00,-1391.00, 5.00, 5.00, 5.00
01:55:13.608250,698.00,-258.00,-1391.00, 3.00, 3.00, 3.00
01:55:13.614376,698.00,-258.00,-1391.00, 3.00, 3.00, 3.00
01:55:13.620970,698.00,-258.00,-1391.00, 3.00, 3.00, 3.00
01:55:13.627038,698.00,-258.00,-1391.00, 3.00, 3.00, 3.00
01:55:13.633190,698.00,-258.00,-1391.00, 5.00, 5.00, 5.00
01:55:13.639315,698.00,-258.00,-1391.00, 5.00, 5.00, 5.00
01:55:13.645516,698.00,-258.00,-1391.00, 5.00, 5.00, 5.00
01:55:13.651657,698.00,-258.00,-1391.00, 5.00, 5.00, 5.00
01:55:13.657790,711.00,-258.00,-1370.00, 3.00, 3.00, 3.00
01:55:13.663936,711.00,-258.00,-1370.00, 3.00, 2.00, 2.00
01:55:13.670063,711.00,-258.00,-1370.00, 2.00, 2.00, 2.00
01:55:13.676195,711.00,-258.00,-1370.00, 5.00, 5.00, 5.00
01:55:13.682314,711.00,-258.00,-1370.00, 5.00, 5.00, 5.00
01:55:13.688437,711.00,-258.00,-1370.00, 5.00, 5.00, 6.00
01:55:13.694565,711.00,-258.00,-1370.00, 6.00, 6.00, 6.00
01:55:13.700695,711.00,-258.00,-1370.00, 5.00, 5.00, 5.00
01:55:13.714286,711.00,-258.00,-1370.00, 3.00, 3.00, 3.00
01:55:13.721569,711.00,-258.00,-1370.00, 6.00, 6.00, 6.00
01:55:13.727724,711.00,-258.00,-1370.00, 6.00, 6.00, 6.00
01:55:13.735015,711.00,-258.00,-1370.00, 5.00, 5.00, 5.00
01:55:13.756979,711.00,-258.00,-1370.00, 4.00, 4.00, 3.00
01:55:13.765341,706.00,-258.00,-1389.00, 4.00, 4.00, 4.00
01:55:13.776208,706.00,-258.00,-1389.00, 4.00, 5.00, 5.00
01:55:13.784507,706.00,-258.00,-1389.00, 5.00, 5.00, 5.00
01:55:13.795073,706.00,-258.00,-1389.00, 5.00, 5.00, 5.00
01:55:13.804554,706.00,-258.00,-1389.00, 5.00, 5.00, 5.00
01:55:13.815822,706.00,-258.00,-1389.00, 5.00, 5.00, 5.00
01:55:13.826329,706.00,-258.00,-1389.00, 6.00, 4.00, 4.00
01:55:13.833714,706.00,-258.00,-1389.00, 6.00, 6.00, 6.00
01:55:13.839846,706.00,-258.00,-1389.00, 6.00, 6.00, 6.00
01:55:13.845970,706.00,-258.00,-1389.00, 7.00, 7.00, 7.00
01:55:13.852246,706.00,-258.00,-1366.00, 8.00, 8.00, 8.00
01:55:13.858749,700.00,-258.00,-1366.00, 7.00, 7.00, 7.00
01:55:13.864882,700.00,-258.00,-1366.00, 7.00, 7.00, 7.00
01:55:13.871396,700.00,-258.00,-1366.00, 6.00, 6.00, 6.00
01:55:13.877504,700.00,-258.00,-1366.00, 4.00, 4.00, 4.00
01:55:13.883534,700.00,-258.00,-1366.00, 4.00, 2.00, 2.00
01:55:13.889649,700.00,-258.00,-1366.00, 2.00, 2.00, 2.00
01:55:13.895747,700.00,-258.00,-1366.00, 4.00, 4.00, 4.00
01:55:13.901745,700.00,-258.00,-1366.00, 5.00, 5.00, 5.00
01:55:13.908007,700.00,-258.00,-1366.00, 5.00, 5.00, 5.00
01:55:13.914126,700.00,-258.00,-1366.00, 5.00, 5.00, 5.00
01:55:13.921124,700.00,-258.00,-1366.00, 6.00, 6.00, 6.00
01:55:13.927317,700.00,-258.00,-1366.00, 3.00, 3.00, 3.00
01:55:13.934589,700.00,-258.00,-1366.00, 3.00, 6.00, 6.00
01:55:13.940767,700.00,-258.00,-1366.00, 6.00, 6.00, 6.00
01:55:13.946942,700.00,-258.00,-1366.00, 5.00, 5.00, 5.00
01:55:13.953065,700.00,-258.00,-1351.00, 2.00, 2.00, 2.00
01:55:13.959250,711.00,-258.00,-1351.00, 2.00, 2.00, 3.00
01:55:13.965362,711.00,-258.00,-1351.00, 3.00, 3.00, 3.00
01:55:13.971494,711.00,-258.00,-1351.00, 3.00, 3.00, 3.00
01:55:13.977650,711.00,-258.00,-1351.00, 5.00, 5.00, 5.00
01:55:13.984289,711.00,-258.00,-1351.00, 5.00, 5.00, 5.00
01:55:13.990426,711.00,-258.00,-1351.00, 5.00, 5.00, 5.00
01:55:13.996560,711.00,-258.00,-1351.00, 5.00, 5.00, 5.00
01:55:14.002670,711.00,-258.00,-1351.00, 3.00, 3.00, 3.00
01:55:14.008867,711.00,-258.00,-1351.00, 3.00, 3.00, 3.00
01:55:14.015036,711.00,-258.00,-1351.00, 6.00, 6.00, 6.00
01:55:14.021766,711.00,-258.00,-1351.00, 6.00, 6.00, 6.00
01:55:14.027962,711.00,-258.00,-1351.00, 6.00, 3.00, 3.00
01:55:14.034101,711.00,-258.00,-1351.00, 3.00, 3.00, 3.00
01:55:14.040075,711.00,-258.00,-1351.00, 6.00, 6.00, 6.00
01:55:14.047801,711.00,-258.00,-1351.00, 5.00, 5.00, 5.00
01:55:14.057438,703.00,-258.00,-1389.00, 3.00, 3.00, 3.00
01:55:14.068214,703.00,-258.00,-1389.00, 4.00, 4.00, 4.00
01:55:14.077899,703.00,-258.00,-1389.00, 2.00, 2.00, 4.00
01:55:14.087547,703.00,-258.00,-1389.00, 4.00, 6.00, 6.00
01:55:14.097197,703.00,-258.00,-1389.00, 6.00, 7.00, 7.00
01:55:14.106818,703.00,-258.00,-1389.00, 6.00, 6.00, 6.00
01:55:14.116473,703.00,-258.00,-1389.00, 5.00, 5.00, 5.00
01:55:14.126374,703.00,-258.00,-1389.00, 6.00, 6.00, 6.00
01:55:14.135932,703.00,-258.00,-1389.00, 4.00, 4.00, 4.00
01:55:14.145532,703.00,-258.00,-1389.00, 6.00, 6.00, 6.00
01:55:14.155202,703.00,-258.00,-1387.00, 6.00, 6.00, 6.00
01:55:14.164848,702.00,-258.00,-1387.00, 6.00, 4.00, 4.00
01:55:14.174471,702.00,-258.00,-1387.00, 5.00, 5.00, 5.00
01:55:14.184106,702.00,-258.00,-1387.00, 4.00, 4.00, 4.00
01:55:14.193685,702.00,-258.00,-1387.00, 4.00, 4.00, 4.00
01:55:14.203288,702.00,-258.00,-1387.00, 6.00, 6.00, 6.00
01:55:14.212897,702.00,-258.00,-1387.00, 4.00, 4.00, 4.00
01:55:14.223211,702.00,-258.00,-1387.00, 4.00, 3.00, 3.00
01:55:14.232720,702.00,-258.00,-1387.00, 3.00, 3.00, 3.00
01:55:14.242515,702.00,-258.00,-1387.00, 5.00, 5.00, 5.00
01:55:14.252323,702.00,-258.00,-1383.00, 7.00, 7.00, 7.00
01:55:14.261978,696.00,-258.00,-1383.00, 7.00, 7.00, 7.00
01:55:14.271640,696.00,-258.00,-1383.00, 7.00, 7.00, 7.00
01:55:14.281356,696.00,-258.00,-1383.00, 5.00, 5.00, 5.00
01:55:14.291026,696.00,-258.00,-1383.00, 5.00, 4.00, 4.00
01:55:14.300724,696.00,-258.00,-1383.00, 6.00, 6.00, 6.00
01:55:14.310330,696.00,-258.00,-1383.00, 5.00, 5.00, 5.00
01:55:14.320705,696.00,-258.00,-1383.00, 4.00, 4.00, 4.00
01:55:14.330406,696.00,-258.00,-1383.00, 6.00, 6.00, 6.00
01:55:14.339970,696.00,-258.00,-1383.00, 5.00, 5.00, 5.00
01:55:14.349576,696.00,-258.00,-1383.00, 5.00, 5.00, 5.00
01:55:14.359242,698.00,-258.00,-1368.00, 5.00, 5.00, 5.00
01:55:14.368905,698.00,-258.00,-1368.00, 6.00, 6.00, 6.00
01:55:14.378465,698.00,-258.00,-1368.00, 4.00, 4.00, 4.00
01:55:14.388020,698.00,-258.00,-1368.00, 7.00, 7.00, 7.00
01:55:14.397672,698.00,-258.00,-1368.00, 4.00, 4.00, 4.00
01:55:14.407306,698.00,-258.00,-1368.00, 4.00, 4.00, 4.00
01:55:14.416943,698.00,-258.00,-1368.00, 8.00, 8.00, 5.00
01:55:14.427402,698.00,-258.00,-1368.00, 4.00, 4.00, 4.00
01:55:14.437067,698.00,-258.00,-1368.00, 6.00, 6.00, 6.00
01:55:14.446603,698.00,-258.00,-1368.00, 4.00, 4.00, 4.00
01:55:14.456239,703.00,-258.00,-1388.00, 5.00, 5.00, 5.00
01:55:14.466296,703.00,-258.00,-1388.00, 5.00, 5.00, 5.00
01:55:14.475985,703.00,-258.00,-1388.00, 5.00, 5.00, 4.00
01:55:14.485990,703.00,-258.00,-1388.00, 4.00, 4.00, 4.00
01:55:14.495685,703.00,-258.00,-1388.00, 4.00, 4.00, 4.00
01:55:14.505320,703.00,-258.00,-1388.00, 6.00, 6.00, 6.00
01:55:14.515009,703.00,-258.00,-1388.00, 3.00, 3.00, 3.00
01:55:14.524832,703.00,-258.00,-1388.00, 5.00, 5.00, 5.00
01:55:14.534506,703.00,-258.00,-1388.00, 6.00, 6.00, 5.00
01:55:14.544037,703.00,-258.00,-1388.00, 5.00, 5.00, 3.00
01:55:14.553734,703.00,-258.00,-1374.00, 3.00, 3.00, 3.00
01:55:14.563378,698.00,-258.00,-1374.00, 2.00, 2.00, 2.00
01:55:14.573016,698.00,-258.00,-1374.00, 4.00, 4.00, 4.00
01:55:14.582716,698.00,-258.00,-1374.00, 2.00, 2.00, 2.00
01:55:14.592426,698.00,-258.00,-1374.00, 4.00, 4.00, 4.00
01:55:14.602037,698.00,-258.00,-1374.00, 6.00, 6.00, 6.00
01:55:14.617301,698.00,-258.00,-1374.00, 4.00, 4.00, 4.00
01:55:14.634126,698.00,-258.00,-1374.00, 6.00, 4.00, 4.00
01:55:14.644331,698.00,-258.00,-1374.00, 3.00, 3.00, 3.00
01:55:14.654048,698.00,-258.00,-1392.00, 4.00, 4.00, 6.00
01:55:14.663532,698.00,-258.00,-1392.00, 6.00, 5.00, 5.00
01:55:14.673224,698.00,-258.00,-1392.00, 7.00, 7.00, 7.00
01:55:14.682867,698.00,-258.00,-1392.00, 4.00, 4.00, 4.00
01:55:14.692620,698.00,-258.00,-1392.00, 6.00, 6.00, 6.00
01:55:14.702758,698.00,-258.00,-1392.00, 7.00, 7.00, 7.00
01:55:14.712509,698.00,-258.00,-1392.00, 3.00, 3.00, 5.00
01:55:14.722755,698.00,-258.00,-1392.00, 5.00, 4.00, 4.00
01:55:14.732532,698.00,-258.00,-1392.00, 7.00, 7.00, 7.00
01:55:14.742327,698.00,-258.00,-1392.00, 6.00, 6.00, 6.00
01:55:14.751983,698.00,-258.00,-1368.00, 4.00, 4.00, 4.00
01:55:14.761640,705.00,-258.00,-1368.00, 3.00, 3.00, 3.00
01:55:14.780457,705.00,-258.00,-1368.00, 3.00, 3.00, 5.00
01:55:14.790069,705.00,-258.00,-1368.00, 5.00, 6.00, 6.00
01:55:14.799693,705.00,-258.00,-1368.00, 6.00, 4.00, 4.00
01:55:14.809249,705.00,-258.00,-1368.00, 5.00, 5.00, 5.00
01:55:14.819076,705.00,-258.00,-1368.00, 8.00, 8.00, 8.00
01:55:14.829044,705.00,-258.00,-1368.00, 8.00, 8.00, 8.00
01:55:14.838690,705.00,-258.00,-1368.00, 6.00, 6.00, 6.00
01:55:14.848279,705.00,-258.00,-1368.00, 5.00, 5.00, 5.00
01:55:14.857843,694.00,-258.00,-1387.00, 5.00, 5.00, 5.00
01:55:14.867394,694.00,-258.00,-1387.00, 5.00, 3.00, 3.00
01:55:14.876935,694.00,-258.00,-1387.00, 5.00, 5.00, 5.00
01:55:14.886470,694.00,-258.00,-1387.00, 8.00, 8.00, 8.00
01:55:14.896333,694.00,-258.00,-1387.00, 8.00, 8.00, 8.00
01:55:14.905995,694.00,-258.00,-1387.00, 8.00, 8.00, 8.00
01:55:14.916162,694.00,-258.00,-1387.00, 6.00, 6.00, 5.00
01:55:14.926452,694.00,-258.00,-1387.00, 5.00, 5.00, 5.00
01:55:14.936178,694.00,-258.00,-1387.00, 2.00, 2.00, 2.00
01:55:14.945709,694.00,-258.00,-1387.00, 6.00, 6.00, 6.00
01:55:14.955431,690.00,-258.00,-1389.00, 5.00, 5.00, 5.00
01:55:14.965068,690.00,-258.00,-1389.00, 5.00, 5.00, 5.00
01:55:14.974697,690.00,-258.00,-1389.00, 5.00, 5.00, 3.00
01:55:14.984322,690.00,-258.00,-1389.00, 3.00, 3.00, 2.00
01:55:14.993928,690.00,-258.00,-1389.00, 2.00, 5.00, 5.00
01:55:15.003551,690.00,-258.00,-1389.00, 5.00, 5.00, 5.00
01:55:15.013203,690.00,-258.00,-1389.00, 6.00, 6.00, 6.00
01:55:15.023512,690.00,-258.00,-1389.00, 3.00, 3.00, 3.00
01:55:15.033195,690.00,-258.00,-1389.00, 3.00, 3.00, 3.00