
523.00,-1.00,-2775.00, 8.00, 8.00, 8.00,541.00,-64.00,-1415.00
541.00,-1.00,-1415.00, 6.00, 6.00, 6.00,541.00,-64.00,-1415.00
541.00,-1.00,-1415.00, 4.00, 4.00, 3.00,541.00,-64.00,-1415.00
541.00,-1.00,-1415.00, 2.00, 2.00, 2.00,541.00,-64.00,-1415.00
541.00,-1.00,-1415.00, 3.00, 3.00, 2.00,541.00,-64.00,-1415.00
541.00,-1.00,-1415.00, 2.00, 5.00, 5.00,541.00,-64.00,-1415.00
541.00,-1.00,-1415.00, 5.00, 5.00, 5.00,541.00,-64.00,-1415.00
541.00,-1.00,-1415.00, 9.00, 9.00, 9.00,541.00,-64.00,-1415.00
541.00,-1.00,-1415.00, 5.00, 5.00, 5.00,541.00,-64.00,-1415.00
541.00,-1.00,-1415.00, 1.00, 1.00, 1.00,541.00,-64.00,-1415.00
541.00,-1.00,-1415.00, 3.00, 3.00, 3.00,541.00,-61.00,-1425.00
535.00,-1.00,-1425.00, 5.00, 5.00, 5.00,535.00,-61.00,-1425.00
535.00,-1.00,-1425.00, 5.00, 5.00, 5.00,535.00,-61.00,-1425.00
535.00,-1.00,-1425.00, 7.00, 7.00, 7.00,535.00,-61.00,-1425.00
535.00,-1.00,-1425.00, 5.00, 5.00, 5.00,535.00,-61.00,-1425.00
535.00,-1.00,-1425.00, 6.00, 6.00, 6.00,535.00,-61.00,-1425.00
535.00,-1.00,-1425.00, 4.00, 4.00, 4.00,535.00,-61.00,-1425.00
535.00,-1.00,-1425.00, 6.00, 6.00, 6.00,535.00,-61.00,-1425.00
535.00,-1.00,-1425.00, 6.00, 6.00, 6.00,535.00,-61.00,-1425.00
535.00,-1.00,-1425.00, 8.00, 8.00, 8.00,533.00,-48.00,-1414.00
533.00,-1.00,-1414.00, 7.00, 7.00, 7.00,533.00,-48.00,-1414.00
533.00,-1.00,-1414.00, 7.00, 7.00, 7.00,533.00,-48.00,-1414.00
533.00,-1.00,-1414.00, 5.00, 5.00, 5.00,533.00,-48.00,-1414.00
533.00,-1.00,-1414.00, 2.00, 2.00, 2.00,533.00,-48.00,-1414.00
533.00,-1.00,-1414.00, 6.00, 6.00, 6.00,533.00,-48.00,-1414.00
533.00,-1.00,-1414.00, 4.00, 4.00, 4.00,533.00,-48.00,-1414.00
533.00,-1.00,-1414.00, 3.00, 3.00, 3.00,533.00,-48.00,-1414.00
533.00,-1.00,-1414.00, 5.00, 5.00, 5.00,533.00,-48.00,-1414.00
533.00,-1.00,-1414.00, 6.00, 6.00, 6.00,533.00,-48.00,-1414.00
533.00,-1.00,-1414.00, 5.00, 5.00, 4.00,533.00,-48.00,-1414.00
533.00,-1.00,-1414.00, 3.00, 3.00, 3.00,526.00,-42.00,-1421.00
526.00,-1.00,-1421.00, 3.00, 3.00, 3.00,526.00,-42.00,-1421.00
526.00,-1.00,-1421.00, 4.00, 4.00, 4.00,526.00,-42.00,-1421.00
526.00,-1.00,-1421.00, 6.00, 6.00, 6.00,526.00,-42.00,-1421.00
526.00,-1.00,-1421.00, 6.00, 6.00, 6.00,526.00,-42.00,-1421.00
526.00,-1.00,-1421.00, 5.00, 5.00, 5.00,526.00,-42.00,-1421.00
526.00,-1.00,-1421.00, 6.00, 6.00, 6.00,526.00,-42.00,-1421.00
526.00,-1.00,-1421.00, 6.00, 6.00, 6.00,526.00,-42.00,-1421.00
526.00,-1.00,-1421.00, 5.00, 5.00, 5.00,526.00,-42.00,-1421.00
526.00,-1.00,-1421.00, 7.00, 7.00, 7.00,526.00,-42.00,-1421.00
526.00,-1.00,-1421.00, 5.00, 5.00, 5.00,526.00,-42.00,-1421.00
526.00,-1.00,-1421.00, 5.00, 5.00, 5.00,526.00,-42.00,-1396.00
529.00,-1.00,-1396.00, 8.00, 8.00, 8.00,529.00,-55.00,-1396.00
529.00,-1.00,-1396.00, 7.00, 7.00, 7.00,529.00,-55.00,-1396.00
529.00,-1.00,-1396.00, 3.00, 3.00, 3.00,529.00,-55.00,-1396.00
529.00,-1.00,-1396.00, 2.00, 2.00, 2.00,529.00,-55.00,-1396.00
529.00,-1.00,-1396.00, 2.00, 2.00, 2.00,529.00,-55.00,-1396.00
529.00,-1.00,-1396.00, 4.00, 4.00, 4.00,529.00,-55.00,-1396.00
529.00,-1.00,-1396.00, 5.00, 5.00, 5.00,529.00,-55.00,-1396.00
529.00,-1.00,-1396.00, 3.00, 3.00, 3.00,529.00,-55.00,-1396.00
529.00,-1.00,-1396.00, 3.00, 3.00, 3.00,529.00,-55.00,-1396.00
529.00,-1.00,-1396.00, 6.00, 6.00, 6.00,529.00,-55.00,-1396.00
529.00,-1.00,-1396.00, 5.00, 5.00, 5.00,529.00,-55.00,-1396.00
529.00,-1.00,-1406.00, 3.00, 3.00, 3.00,520.00,-55.00,-1406.00
520.00,-1.00,-1406.00, 6.00, 6.00, 6.00,520.00,-55.00,-1406.00
520.00,-1.00,-1406.00, 8.00, 8.00, 6.00,520.00,-55.00,-1406.00
520.00,-1.00,-1406.00, 6.00, 6.00, 5.00,520.00,-55.00,-1406.00
520.00,-1.00,-1406.00, 5.00, 5.00, 4.00,520.00,-55.00,-1406.00
520.00,-1.00,-1406.00, 4.00, 4.00, 6.00,520.00,-55.00,-1406.00
520.00,-1.00,-1406.00, 6.00, 5.00, 5.00,520.00,-55.00,-1406.00
520.00,-1.00,-1406.00, 5.00, 4.00, 4.00,520.00,-55.00,-1406.00
520.00,-1.00,-1406.00, 4.00, 4.00, 4.00,520.00,-55.00,-1406.00
520.00,-1.00,-1406.00, 5.00, 5.00, 5.00,520.00,-55.00,-1406.00
520.00,-1.00,-1406.00, 5.00, 5.00, 5.00,509.00,-52.00,-1403.00
509.00,-1.00,-1403.00, 7.00, 7.00, 6.00,509.00,-52.00,-1403.00
509.00,-1.00,-1403.00, 6.00, 6.00, 6.00,509.00,-52.00,-1403.00
509.00,-1.00,-1403.00, 5.00, 5.00, 5.00,509.00,-52.00,-1403.00
509.00,-1.00,-1403.00, 8.00, 8.00, 6.00,509.00,-52.00,-1403.00
509.00,-1.00,-1403.00, 5.00, 5.00, 5.00,509.00,-52.00,-1403.00
509.00,-1.00,-1403.00, 5.00, 4.00, 4.00,509.00,-52.00,-1403.00
509.00,-1.00,-1403.00, 3.00, 3.00, 3.00,511.00,-52.00,-1423.00
511.00,-1.00,-1423.00, 5.00, 5.00, 5.00,511.00,-52.00,-1423.00
511.00,-1.00,-1423.00, 7.00, 7.00, 7.00,511.00,-52.00,-1423.00
511.00,-1.00,-1423.00, 5.00, 5.00, 4.00,511.00,-52.00,-1423.00
511.00,-1.00,-1423.00, 3.00, 3.00, 3.00,511.00,-52.00,-1423.00
511.00,-1.00,-1423.00, 6.00, 7.00, 7.00,511.00,-52.00,-1423.00
511.00,-1.00,-1423.00, 9.00, 8.00, 8.00,511.00,-52.00,-1402.00
519.00,-1.00,-1402.00, 6.00, 6.00, 6.00,519.00,-55.00,-1402.00
519.00,-1.00,-1402.00, 6.00, 6.00, 6.00,519.00,-55.00,-1402.00
519.00,-1.00,-1402.00, 4.00, 5.00, 5.00,519.00,-55.00,-1402.00
519.00,-1.00,-1402.00, 4.00, 4.00, 4.00,519.00,-55.00,-1402.00
519.00,-1.00,-1402.00, 5.00, 6.00, 6.00,519.00,-55.00,-1419.00
521.00,-1.00,-1419.00, 7.00, 7.00, 7.00,521.00,-49.00,-1419.00
521.00,-1.00,-1419.00, 6.00, 6.00, 6.00,521.00,-49.00,-1419.00
521.00,-1.00,-1419.00, 6.00, 6.00, 6.00,521.00,-49.00,-1419.00
521.00,-1.00,-1419.00, 6.00, 6.00, 6.00,521.00,-49.00,-1419.00
521.00,-1.00,-1419.00, 4.00, 5.00, 5.00,521.00,-49.00,-1419.00
521.00,-1.00,-1419.00, 3.00, 3.00, 3.00,521.00,-49.00,-1419.00
521.00,-1.00,-1419.00, 6.00, 6.00, 6.00,521.00,-49.00,-1419.00
521.00,-1.00,-1419.00, 9.00, 9.00, 8.00,521.00,-49.00,-1419.00
521.00,-1.00,-1419.00, 8.00, 8.00, 8.00,521.00,-49.00,-1414.00
516.00,-1.00,-1414.00, 8.00, 8.00, 8.00,516.00,-50.00,-1414.00
516.00,-1.00,-1414.00, 8.00, 6.00, 6.00,516.00,-50.00,-1414.00
516.00,-1.00,-1414.00, 6.00, 6.00, 6.00,516.00,-50.00,-1414.00
516.00,-1.00,-1414.00, 7.00, 7.00, 7.00,516.00,-50.00,-1414.00
516.00,-1.00,-1414.00, 7.00, 7.00, 7.00,516.00,-50.00,-1414.00
516.00,-1.00,-1414.00, 8.00, 8.00, 8.00,516.00,-50.00,-1414.00
516.00,-1.00,-1414.00, 6.00, 6.00, 6.00,516.00,-50.00,-1414.00
516.00,-1.00,-1414.00, 6.00, 6.00, 6.00,516.00,-50.00,-1414.00
516.00,-1.00,-1414.00, 6.00, 6.00, 6.00,516.00,-50.00,-1414.00
516.00,-1.00,-1414.00, 5.00, 5.00, 5.00,516.00,-50.00,-1414.00
516.00,-1.00,-1414.00, 5.00, 5.00, 5.00,516.00,-50.00,-1414.00
516.00,-1.00,-1400.00, 6.00, 6.00, 6.00,512.00,-40.00,-1400.00
512.00,-1.00,-1400.00, 6.00, 5.00, 5.00,512.00,-40.00,-1400.00
512.00,-1.00,-1400.00, 6.00, 6.00, 6.00,512.00,-40.00,-1400.00
512.00,-1.00,-1400.00, 7.00, 5.00, 5.00,512.00,-40.00,-1400.00
512.00,-1.00,-1400.00, 5.00, 5.00, 5.00,512.00,-40.00,-1400.00
512.00,-1.00,-1400.00, 6.00, 6.00, 6.00,512.00,-40.00,-1400.00
512.00,-1.00,-1400.00, 8.00, 8.00, 8.00,515.00,-39.00,-1414.00
515.00,-1.00,-1414.00, 4.00, 4.00, 4.00,515.00,-39.00,-1414.00
515.00,-1.00,-1414.00, 4.00, 4.00, 4.00,515.00,-39.00,-1414.00
515.00,-1.00,-1414.00, 4.00, 4.00, 4.00,515.00,-39.00,-1414.00
515.00,-1.00,-1414.00, 5.00, 5.00, 5.00,515.00,-39.00,-1414.00
515.00,-1.00,-1414.00, 6.00, 6.00, 6.00,515.00,-39.00,-1414.00
515.00,-1.00,-1414.00, 8.00, 8.00, 8.00,515.00,-39.00,-1414.00
515.00,-1.00,-1414.00, 9.00, 9.00, 9.00,515.00,-39.00,-1414.00
515.00,-1.00,-1414.00, 5.00, 5.00, 5.00,515.00,-39.00,-1414.00
515.00,-1.00,-1414.00, 4.00, 4.00, 4.00,515.00,-39.00,-1414.00
515.00,-1.00,-1414.00, 6.00, 6.00, 6.00,515.00,-39.00,-1414.00
515.00,-1.00,-1414.00, 6.00, 6.00, 6.00,519.00,-32.00,-1409.00
519.00,-1.00,-1409.00, 4.00, 4.00, 4.00,519.00,-32.00,-1409.00
519.00,-1.00,-1409.00, 6.00, 6.00, 6.00,519.00,-32.00,-1409.00
519.00,-1.00,-1409.00, 6.00, 6.00, 6.00,519.00,-32.00,-1409.00
519.00,-1.00,-1409.00, 5.00, 5.00, 5.00,519.00,-32.00,-1409.00
519.00,-1.00,-1409.00, 6.00, 6.00, 6.00,519.00,-32.00,-1409.00
519.00,-1.00,-1409.00, 5.00, 5.00, 5.00,519.00,-32.00,-1409.00
519.00,-1.00,-1409.00, 3.00, 3.00, 3.00,519.00,-32.00,-1409.00
519.00,-1.00,-1409.00, 6.00, 6.00, 6.00,519.00,-32.00,-1409.00
519.00,-1.00,-1409.00, 6.00, 6.00, 5.00,519.00,-32.00,-1409.00
519.00,-1.00,-1409.00, 5.00, 5.00, 8.00,519.00,-32.00,-1409.00
519.00,-1.00,-1406.00, 6.00, 5.00, 5.00,522.00,-45.00,-1406.00
522.00,-1.00,-1406.00, 4.00, 4.00, 4.00,522.00,-45.00,-1406.00
522.00,-1.00,-1406.00, 4.00, 3.00, 3.00,522.00,-45.00,-1406.00
522.00,-1.00,-1406.00, 3.00, 3.00, 3.00,522.00,-45.00,-1406.00
522.00,-1.00,-1406.00, 3.00, 5.00, 5.00,522.00,-45.00,-1406.00
522.00,-1.00,-1406.00, 6.00, 6.00, 5.00,522.00,-45.00,-1406.00
522.00,-1.00,-1406.00, 8.00, 8.00, 8.00,516.00,-39.00,-1391.00
516.00,-1.00,-1391.00, 4.00, 4.00, 4.00,516.00,-39.00,-1391.00
516.00,-1.00,-1391.00, 3.00, 3.00, 3.00,516.00,-39.00,-1391.00
516.00,-1.00,-1391.00, 2.00, 2.00, 2.00,516.00,-39.00,-1391.00
516.00,-1.00,-1391.00, 2.00, 2.00, 4.00,516.00,-39.00,-1391.00
516.00,-1.00,-1391.00, 4.00, 4.00, 5.00,516.00,-39.00,-1391.00
516.00,-1.00,-1391.00, 1.00, 1.00, 1.00,516.00,-39.00,-1391.00
516.00,-1.00,-1391.00, 3.00, 3.00, 3.00,516.00,-39.00,-1391.00
516.00,-1.00,-1391.00, 3.00, 3.00, 3.00,516.00,-39.00,-1391.00
516.00,-1.00,-1391.00, 7.00, 9.00, 9.00,516.00,-39.00,-1391.00
260.00,-1.00,-1402.00, 5.00, 5.00, 8.00,509.00,-38.00,-1402.00
509.00,-1.00,-1402.00, 6.00, 6.00, 6.00,509.00,-38.00,-1402.00
509.00,-1.00,-1402.00, 6.00, 4.00, 4.00,509.00,-38.00,-1402.00
509.00,-1.00,-1402.00, 7.00, 7.00, 7.00,509.00,-38.00,-1402.00
509.00,-1.00,-1402.00, 6.00, 6.00, 6.00,509.00,-38.00,-1402.00
509.00,-1.00,-1402.00, 3.00, 4.00, 4.00,509.00,-38.00,-1402.00
509.00,-1.00,-1402.00, 7.00, 7.00, 7.00,509.00,-38.00,-1402.00
509.00,-1.00,-1395.00, 6.00, 6.00, 6.00,516.00,-36.00,-1395.00
516.00,-1.00,-1395.00, 8.00, 8.00, 9.00,516.00,-36.00,-1395.00
516.00,-1.00,-1395.00, 6.00, 6.00, 6.00,516.00,-36.00,-1395.00
516.00,-1.00,-1395.00, 3.00, 2.00, 2.00,516.00,-36.00,-1395.00
516.00,-1.00,-1395.00, 3.00, 3.00, 3.00,516.00,-36.00,-1395.00
516.00,-1.00,-1395.00, 5.00, 5.00, 5.00,516.00,-36.00,-1395.00
516.00,-1.00,-1395.00, 4.00, 3.00, 3.00,516.00,-36.00,-1405.00
515.00,-1.00,-1405.00, 2.00, 2.00, 2.00,515.00,-40.00,-1405.00
515.00,-1.00,-1405.00, 3.00, 4.00, 4.00,515.00,-40.00,-1405.00
515.00,-1.00,-1405.00, 5.00, 5.00, 5.00,515.00,-40.00,-1405.00
515.00,-1.00,-1405.00, 4.00, 4.00, 4.00,515.00,-40.00,-1405.00
515.00,-1.00,-1405.00, 5.00, 4.00, 4.00,515.00,-40.00,-1405.00
515.00,-1.00,-1405.00, 2.00, 2.00, 2.00,515.00,-40.00,-1405.00
515.00,-1.00,-1405.00, 5.00, 5.00, 5.00,515.00,-40.00,-1405.00
515.00,-1.00,-1409.00, 7.00, 7.00, 5.00,520.00,-37.00,-1409.00
520.00,-1.00,-1409.00, 6.00, 6.00, 6.00,520.00,-37.00,-1409.00
520.00,-1.00,-1409.00, 6.00, 6.00, 6.00,520.00,-37.00,-1409.00
520.00,-1.00,-1409.00, 4.00, 4.00, 4.00,520.00,-37.00,-1409.00
520.00,-1.00,-1409.00, 5.00, 5.00, 5.00,520.00,-37.00,-1409.00
520.00,-1.00,-1409.00, 6.00, 6.00, 6.00,520.00,-37.00,-1409.00
520.00,-1.00,-1409.00, 5.00, 5.00, 5.00,520.00,-37.00,-1409.00
520.00,-1.00,-1409.00, 7.00, 7.00, 7.00,517.00,-46.00,-1418.00